v1 r
contaminated_client_indices:[6, 33, 37, 34, 47, 1, 48, 15, 24, 22, 20, 30, 9, 36, 0]
weights list(greater): [18, 32, 46, 26, 28, 48, 42, 43, 34, 45, 47, 12, 8, 37, 49, 21, 19, 38, 44, 41, 5, 17, 33, 0, 7, 11, 15, 16, 24, 1, 4, 6, 29, 25, 3, 10, 30, 13, 31, 22, 27, 40, 23, 36, 20, 2, 14, 39, 35, 9]
weights list(greater): [28, 34, 48, 42, 21, 32, 47, 18, 26, 46, 43, 12, 49, 8, 1, 45, 41, 17, 0, 38, 37, 11, 33, 5, 10, 7, 44, 4, 15, 22, 19, 20, 25, 24, 39, 31, 13, 6, 40, 29, 36, 3, 2, 35, 16, 14, 30, 27, 9, 23]
weights list(greater): [21, 42, 47, 28, 7, 38, 44, 34, 18, 17, 26, 12, 41, 19, 33, 25, 6, 32, 0, 8, 20, 30, 10, 49, 29, 13, 22, 4, 5, 39, 27, 43, 16, 40, 31, 9, 48, 36, 35, 14, 24, 23, 15, 1, 37, 2, 46, 45, 3, 11]
weights list(greater): [18, 42, 16, 5, 34, 30, 6, 33, 47, 44, 27, 12, 23, 41, 38, 19, 14, 28, 17, 35, 13, 39, 29, 10, 7, 0, 22, 8, 49, 26, 32, 21, 20, 36, 9, 4, 43, 1, 40, 31, 25, 3, 37, 24, 45, 15, 48, 46, 2, 11]
weights list(greater): [4, 49, 17, 42, 41, 7, 0, 18, 6, 25, 32, 33, 28, 19, 12, 26, 10, 27, 43, 16, 20, 34, 45, 35, 38, 39, 5, 30, 36, 13, 37, 22, 23, 31, 29, 14, 44, 2, 40, 47, 48, 8, 9, 46, 24, 1, 3, 15, 21, 11]
weights list(greater): [18, 26, 17, 49, 42, 32, 25, 30, 39, 19, 7, 29, 22, 8, 43, 35, 12, 13, 28, 24, 5, 31, 16, 36, 45, 37, 41, 20, 40, 1, 15, 33, 10, 6, 34, 27, 23, 47, 14, 3, 0, 38, 9, 44, 4, 48, 21, 46, 11, 2]
weights list(greater): [4, 18, 32, 37, 45, 26, 42, 43, 7, 0, 41, 49, 11, 19, 25, 17, 10, 13, 29, 35, 39, 22, 20, 30, 33, 36, 40, 31, 28, 14, 8, 27, 24, 16, 47, 15, 12, 38, 1, 5, 34, 6, 2, 23, 44, 48, 3, 46, 21, 9]
weights list(greater): [18, 32, 49, 33, 42, 0, 19, 43, 10, 45, 26, 7, 17, 25, 37, 20, 12, 36, 31, 40, 4, 30, 39, 13, 24, 35, 41, 15, 22, 5, 29, 14, 16, 34, 8, 28, 38, 27, 47, 6, 23, 3, 21, 11, 44, 48, 1, 46, 9, 2]
weights list(greater): [18, 41, 4, 43, 37, 26, 7, 32, 33, 45, 11, 0, 19, 49, 17, 2, 40, 36, 10, 15, 25, 31, 30, 20, 24, 29, 14, 39, 16, 22, 35, 13, 5, 27, 42, 23, 8, 3, 28, 38, 6, 34, 12, 47, 48, 9, 1, 44, 21, 46]
weights list(greater): [11, 18, 17, 25, 0, 36, 31, 15, 40, 32, 24, 42, 26, 29, 39, 30, 45, 37, 8, 33, 35, 43, 7, 13, 22, 41, 4, 23, 10, 20, 12, 19, 38, 16, 3, 5, 49, 14, 6, 27, 28, 47, 34, 21, 1, 48, 46, 2, 44, 9]
weights list(greater): [18, 26, 32, 45, 4, 41, 30, 27, 43, 49, 7, 19, 37, 33, 2, 11, 17, 16, 10, 14, 23, 20, 29, 0, 39, 15, 8, 13, 35, 25, 22, 5, 24, 36, 31, 12, 40, 42, 1, 9, 38, 34, 6, 44, 28, 48, 47, 3, 21, 46]
weights list(greater): [4, 11, 49, 33, 19, 7, 30, 29, 0, 18, 39, 2, 35, 22, 26, 14, 43, 16, 13, 27, 32, 10, 23, 20, 8, 37, 42, 41, 1, 40, 17, 45, 31, 24, 15, 36, 38, 12, 6, 28, 9, 34, 25, 47, 44, 5, 21, 48, 46, 3]
weights list(greater): [30, 2, 14, 27, 45, 18, 32, 26, 43, 49, 37, 23, 33, 41, 7, 16, 11, 17, 19, 10, 0, 25, 9, 20, 4, 5, 29, 39, 22, 13, 35, 1, 38, 8, 36, 42, 6, 15, 24, 34, 12, 28, 44, 47, 40, 48, 31, 46, 21, 3]
weights list(greater): [18, 32, 4, 45, 26, 37, 41, 49, 43, 7, 2, 24, 11, 40, 0, 33, 20, 29, 10, 31, 36, 30, 15, 16, 27, 35, 19, 14, 13, 42, 39, 22, 25, 3, 38, 17, 23, 8, 1, 34, 5, 12, 6, 47, 44, 21, 28, 48, 9, 46]
weights list(greater): [32, 4, 18, 45, 26, 43, 37, 20, 7, 10, 24, 40, 41, 31, 0, 15, 36, 11, 29, 2, 19, 49, 33, 35, 39, 13, 25, 8, 22, 14, 17, 30, 16, 3, 42, 5, 27, 1, 23, 6, 38, 47, 28, 44, 12, 9, 34, 21, 48, 46]
weights list(greater): [4, 33, 26, 32, 18, 43, 2, 41, 40, 29, 45, 37, 15, 35, 31, 10, 13, 20, 0, 7, 36, 22, 39, 24, 49, 1, 14, 11, 8, 19, 27, 42, 3, 16, 6, 23, 30, 47, 25, 28, 17, 38, 5, 12, 34, 44, 21, 48, 46, 9]
weights list(greater): [2, 33, 18, 41, 20, 7, 43, 37, 10, 27, 49, 4, 14, 24, 15, 45, 13, 40, 36, 31, 26, 29, 22, 0, 32, 30, 19, 35, 16, 17, 5, 3, 39, 25, 8, 1, 23, 9, 11, 42, 6, 47, 38, 34, 48, 28, 44, 21, 46, 12]
weights list(greater): [4, 31, 40, 32, 36, 15, 26, 24, 45, 43, 20, 37, 0, 18, 29, 7, 41, 10, 2, 35, 49, 13, 3, 33, 39, 11, 30, 22, 19, 27, 17, 14, 42, 23, 16, 25, 8, 6, 38, 47, 28, 9, 1, 12, 34, 44, 21, 48, 46, 5]
weights list(greater): [2, 18, 43, 37, 7, 15, 33, 14, 41, 19, 45, 32, 49, 24, 40, 30, 31, 0, 26, 27, 4, 36, 20, 29, 22, 13, 3, 10, 23, 35, 11, 16, 39, 17, 5, 8, 25, 1, 9, 42, 47, 6, 28, 38, 12, 34, 21, 46, 48, 44]
weights list(greater): [45, 2, 32, 37, 26, 41, 18, 27, 33, 49, 4, 40, 43, 0, 31, 36, 29, 7, 35, 14, 8, 24, 22, 15, 30, 19, 23, 13, 1, 16, 39, 11, 42, 6, 3, 20, 10, 25, 47, 17, 9, 34, 12, 44, 28, 38, 48, 21, 46, 5]
weights list(greater): [18, 2, 7, 27, 33, 37, 43, 41, 45, 26, 14, 49, 30, 32, 19, 15, 31, 40, 36, 4, 24, 20, 0, 23, 22, 29, 3, 10, 13, 8, 16, 35, 9, 39, 11, 1, 17, 5, 25, 6, 46, 42, 48, 38, 47, 34, 44, 12, 21, 28]
weights list(greater): [2, 4, 32, 7, 26, 18, 37, 49, 43, 0, 19, 41, 33, 36, 29, 8, 15, 45, 22, 31, 40, 24, 14, 13, 1, 35, 27, 16, 23, 30, 39, 10, 20, 11, 6, 9, 3, 42, 47, 5, 25, 17, 38, 28, 34, 12, 46, 48, 44, 21]
weights list(greater): [18, 14, 43, 41, 45, 37, 26, 2, 7, 49, 27, 33, 32, 30, 23, 4, 24, 16, 9, 19, 0, 15, 40, 13, 22, 31, 36, 8, 20, 1, 10, 29, 11, 3, 35, 39, 5, 6, 17, 25, 38, 47, 42, 46, 12, 34, 48, 21, 44, 28]
weights list(greater): [49, 2, 32, 4, 18, 37, 33, 30, 7, 0, 19, 41, 43, 26, 45, 15, 8, 16, 27, 23, 22, 14, 29, 13, 35, 36, 31, 24, 40, 1, 39, 9, 6, 10, 20, 3, 11, 42, 17, 38, 47, 34, 5, 46, 12, 28, 48, 25, 44, 21]
weights list(greater): [18, 43, 14, 41, 45, 4, 37, 27, 24, 2, 26, 31, 15, 7, 32, 30, 40, 3, 9, 36, 23, 0, 49, 33, 25, 5, 16, 20, 19, 17, 22, 8, 13, 10, 1, 35, 39, 11, 6, 29, 47, 42, 46, 12, 38, 28, 48, 44, 21, 34]
weights list(greater): [4, 2, 31, 32, 36, 40, 15, 27, 30, 24, 49, 37, 0, 41, 45, 14, 18, 26, 7, 33, 8, 23, 43, 6, 16, 3, 29, 9, 1, 19, 10, 22, 20, 42, 11, 39, 35, 13, 38, 25, 47, 5, 17, 48, 46, 34, 12, 28, 21, 44]
weights list(greater): [14, 18, 43, 45, 41, 26, 37, 2, 7, 27, 33, 4, 9, 32, 49, 24, 16, 30, 15, 3, 23, 8, 0, 20, 31, 25, 13, 22, 40, 19, 36, 5, 10, 1, 29, 17, 39, 11, 6, 47, 35, 42, 12, 38, 48, 34, 21, 46, 28, 44]
weights list(greater): [32, 18, 4, 26, 37, 2, 43, 41, 45, 7, 0, 40, 24, 3, 49, 33, 31, 15, 30, 36, 27, 14, 9, 8, 23, 19, 16, 25, 22, 6, 20, 29, 1, 10, 13, 17, 5, 39, 47, 35, 11, 42, 38, 12, 46, 28, 21, 34, 48, 44]
weights list(greater): [2, 32, 43, 37, 14, 26, 49, 30, 33, 45, 23, 27, 41, 7, 4, 0, 18, 24, 9, 8, 15, 40, 19, 3, 16, 36, 20, 22, 31, 1, 10, 5, 13, 25, 6, 17, 11, 29, 47, 12, 35, 42, 38, 48, 46, 34, 39, 28, 44, 21]
weights list(greater): [2, 4, 14, 32, 49, 27, 30, 33, 7, 37, 23, 0, 43, 40, 15, 24, 9, 18, 45, 16, 36, 8, 26, 41, 3, 19, 20, 31, 6, 10, 5, 25, 42, 47, 17, 38, 1, 29, 12, 46, 22, 11, 48, 34, 13, 35, 21, 28, 44, 39]
weights list(greater): [45, 26, 4, 43, 37, 41, 32, 14, 18, 7, 2, 27, 49, 33, 0, 30, 5, 24, 31, 23, 9, 16, 6, 15, 40, 36, 8, 20, 3, 22, 19, 25, 1, 13, 35, 17, 10, 38, 29, 47, 39, 42, 11, 34, 46, 28, 21, 12, 48, 44]
weights list(greater): [2, 4, 24, 36, 40, 31, 15, 14, 37, 32, 33, 45, 3, 7, 6, 41, 18, 26, 0, 43, 30, 8, 20, 49, 10, 25, 16, 17, 23, 19, 27, 13, 22, 29, 39, 38, 42, 9, 11, 5, 35, 1, 47, 34, 46, 28, 12, 48, 21, 44]
weights list(greater): [2, 4, 32, 14, 33, 37, 45, 18, 43, 41, 7, 40, 26, 0, 27, 30, 24, 31, 23, 36, 20, 49, 15, 25, 3, 16, 6, 8, 9, 10, 5, 22, 19, 17, 13, 38, 39, 1, 35, 29, 11, 46, 47, 21, 42, 48, 34, 12, 28, 44]
weights list(greater): [14, 2, 4, 27, 30, 0, 32, 31, 40, 7, 23, 49, 36, 18, 37, 45, 15, 33, 24, 43, 41, 26, 8, 16, 9, 25, 3, 6, 5, 47, 10, 20, 42, 29, 38, 19, 1, 17, 39, 13, 22, 48, 28, 35, 34, 11, 21, 46, 12, 44]
weights list(greater): [4, 2, 32, 18, 37, 14, 26, 7, 43, 45, 41, 30, 0, 27, 24, 23, 49, 33, 25, 8, 31, 9, 1, 40, 5, 16, 15, 36, 13, 22, 20, 17, 3, 19, 35, 39, 47, 6, 10, 38, 29, 42, 28, 46, 11, 48, 12, 34, 44, 21]
weights list(greater): [4, 2, 14, 37, 7, 32, 40, 49, 45, 31, 18, 24, 36, 0, 30, 15, 41, 27, 43, 23, 33, 26, 25, 8, 3, 9, 5, 19, 6, 16, 10, 17, 20, 29, 38, 11, 42, 47, 1, 22, 13, 35, 39, 46, 48, 28, 34, 12, 21, 44]
weights list(greater): [30, 2, 14, 32, 33, 26, 49, 43, 7, 37, 4, 27, 45, 23, 0, 18, 16, 8, 41, 9, 19, 40, 24, 25, 5, 15, 31, 47, 1, 20, 36, 6, 17, 22, 3, 38, 13, 11, 42, 10, 29, 35, 48, 39, 21, 46, 12, 34, 44, 28]
weights list(greater): [49, 30, 33, 32, 14, 2, 7, 37, 4, 26, 27, 18, 45, 43, 41, 0, 24, 23, 40, 9, 19, 15, 8, 25, 31, 36, 5, 16, 3, 20, 47, 6, 17, 10, 38, 46, 48, 42, 1, 29, 11, 34, 12, 22, 28, 13, 44, 35, 21, 39]
weights list(greater): [43, 26, 41, 45, 37, 14, 18, 32, 2, 33, 7, 0, 49, 27, 30, 23, 8, 4, 24, 9, 16, 19, 25, 5, 13, 1, 22, 17, 20, 40, 31, 15, 10, 29, 36, 6, 35, 39, 3, 11, 38, 42, 46, 47, 12, 48, 28, 34, 21, 44]
weights list(greater): [4, 30, 14, 2, 40, 18, 49, 31, 36, 26, 24, 32, 41, 45, 43, 33, 37, 27, 23, 7, 0, 16, 3, 9, 25, 6, 15, 17, 19, 5, 8, 10, 42, 20, 38, 1, 22, 29, 13, 47, 35, 11, 46, 39, 34, 48, 28, 12, 21, 44]
weights list(greater): [14, 49, 33, 45, 30, 18, 43, 37, 26, 23, 41, 32, 27, 7, 2, 0, 16, 8, 9, 4, 25, 24, 19, 5, 1, 17, 40, 15, 36, 3, 6, 11, 10, 31, 20, 22, 13, 47, 35, 48, 38, 29, 46, 39, 42, 12, 28, 34, 21, 44]
weights list(greater): [30, 49, 32, 14, 33, 26, 9, 18, 43, 7, 23, 41, 37, 16, 45, 27, 4, 2, 0, 19, 24, 25, 8, 5, 40, 17, 3, 6, 15, 20, 10, 36, 42, 38, 1, 47, 31, 29, 48, 46, 11, 39, 22, 13, 34, 12, 44, 21, 28, 35]
weights list(greater): [14, 49, 18, 30, 33, 2, 26, 37, 45, 43, 4, 7, 23, 41, 32, 27, 9, 0, 16, 5, 25, 24, 8, 22, 19, 6, 31, 40, 1, 17, 13, 15, 20, 3, 35, 47, 36, 10, 48, 38, 42, 39, 34, 12, 29, 11, 46, 28, 21, 44]
weights list(greater): [14, 49, 33, 32, 2, 30, 45, 23, 26, 37, 27, 7, 4, 41, 43, 16, 18, 0, 40, 9, 6, 36, 3, 31, 19, 25, 24, 15, 8, 5, 10, 42, 17, 47, 20, 29, 38, 39, 1, 11, 22, 46, 13, 35, 48, 34, 12, 28, 21, 44]
weights list(greater): [14, 49, 32, 30, 37, 18, 33, 26, 4, 23, 2, 45, 7, 43, 41, 8, 27, 9, 0, 16, 5, 19, 20, 40, 25, 24, 17, 47, 1, 10, 6, 3, 15, 22, 31, 36, 11, 46, 13, 48, 29, 35, 38, 28, 42, 39, 34, 12, 44, 21]
weights list(greater): [14, 2, 23, 27, 32, 26, 30, 33, 37, 49, 41, 45, 9, 16, 43, 7, 4, 8, 19, 18, 0, 24, 5, 17, 40, 6, 47, 15, 25, 20, 3, 10, 36, 42, 31, 38, 1, 46, 48, 34, 12, 29, 22, 28, 44, 21, 11, 35, 13, 39]
weights list(greater): [43, 41, 45, 26, 18, 37, 2, 32, 4, 33, 49, 14, 27, 7, 0, 5, 30, 23, 25, 19, 24, 8, 16, 40, 9, 15, 31, 20, 6, 22, 17, 3, 1, 36, 13, 10, 38, 47, 39, 42, 35, 29, 11, 12, 34, 46, 48, 21, 44, 28]
weights list(greater): [4, 2, 37, 14, 49, 33, 45, 7, 30, 18, 32, 41, 25, 43, 36, 26, 0, 40, 31, 27, 23, 24, 3, 5, 17, 6, 15, 10, 20, 9, 16, 38, 19, 8, 42, 29, 11, 13, 47, 39, 35, 1, 22, 46, 48, 34, 12, 28, 21, 44]
weights list(greater): [30, 27, 14, 33, 32, 23, 49, 41, 7, 43, 37, 2, 4, 45, 26, 0, 16, 18, 24, 40, 19, 9, 5, 17, 25, 20, 8, 31, 3, 36, 6, 15, 10, 47, 1, 11, 38, 46, 42, 48, 13, 29, 22, 28, 35, 12, 34, 39, 44, 21]
weights list(greater): [32, 4, 33, 30, 14, 2, 27, 49, 26, 37, 18, 7, 45, 43, 41, 23, 16, 0, 24, 40, 8, 19, 31, 5, 36, 17, 15, 47, 1, 9, 20, 3, 6, 48, 22, 25, 46, 38, 10, 42, 39, 29, 13, 11, 28, 34, 35, 44, 21, 12]
weights list(greater): [14, 30, 27, 49, 23, 4, 33, 7, 18, 2, 16, 26, 32, 40, 37, 24, 5, 43, 0, 45, 8, 41, 9, 47, 6, 19, 15, 36, 3, 31, 42, 20, 1, 48, 46, 38, 17, 10, 25, 34, 22, 35, 11, 13, 28, 29, 39, 12, 44, 21]
weights list(greater): [14, 27, 49, 32, 33, 4, 30, 7, 37, 23, 25, 26, 45, 2, 18, 41, 5, 43, 24, 0, 19, 6, 31, 8, 47, 16, 17, 40, 3, 38, 9, 36, 20, 46, 48, 15, 22, 1, 10, 34, 13, 42, 28, 39, 35, 11, 29, 21, 44, 12]
weights list(greater): [4, 2, 14, 18, 32, 30, 26, 41, 36, 40, 43, 37, 24, 23, 45, 0, 31, 33, 49, 7, 27, 15, 6, 3, 20, 19, 9, 5, 16, 25, 17, 8, 10, 38, 13, 42, 22, 11, 29, 1, 47, 39, 35, 46, 34, 48, 28, 12, 21, 44]
weights list(greater): [33, 49, 14, 30, 2, 27, 23, 37, 41, 26, 4, 18, 32, 43, 45, 0, 7, 16, 40, 9, 24, 6, 19, 20, 8, 36, 5, 17, 31, 15, 3, 10, 11, 25, 47, 46, 1, 38, 48, 29, 22, 13, 42, 39, 28, 21, 34, 44, 12, 35]
weights list(greater): [30, 14, 23, 49, 33, 37, 16, 27, 45, 32, 18, 2, 41, 0, 43, 9, 8, 6, 19, 7, 25, 40, 4, 26, 17, 36, 31, 24, 10, 20, 46, 5, 47, 15, 11, 48, 1, 38, 42, 29, 22, 3, 35, 34, 21, 28, 13, 44, 39, 12]
weights list(greater): [27, 23, 33, 37, 49, 30, 18, 32, 41, 14, 45, 16, 25, 2, 7, 26, 0, 43, 40, 24, 19, 4, 31, 6, 5, 47, 17, 9, 36, 20, 46, 48, 8, 15, 3, 22, 10, 11, 1, 34, 38, 13, 42, 28, 29, 39, 21, 35, 12, 44]
weights list(greater): [14, 37, 26, 18, 4, 45, 32, 41, 33, 27, 43, 7, 49, 2, 0, 23, 40, 30, 5, 6, 19, 31, 25, 16, 24, 10, 3, 20, 8, 17, 36, 15, 9, 29, 38, 47, 42, 13, 22, 35, 39, 1, 11, 46, 48, 34, 12, 28, 21, 44]
weights list(greater): [2, 4, 32, 33, 23, 27, 14, 30, 37, 49, 26, 18, 41, 43, 7, 0, 45, 24, 40, 16, 19, 8, 25, 5, 31, 9, 6, 20, 36, 17, 15, 3, 10, 48, 11, 38, 47, 46, 42, 35, 13, 29, 1, 34, 28, 22, 39, 44, 21, 12]
weights list(greater): [23, 30, 49, 27, 33, 14, 2, 26, 37, 41, 4, 16, 7, 25, 19, 47, 5, 9, 18, 40, 45, 6, 32, 43, 0, 36, 24, 46, 17, 11, 31, 8, 20, 10, 38, 3, 15, 1, 42, 48, 22, 29, 28, 44, 34, 39, 13, 21, 35, 12]
weights list(greater): [14, 27, 49, 23, 30, 2, 37, 33, 4, 26, 18, 7, 25, 32, 43, 41, 16, 40, 45, 5, 0, 9, 6, 24, 36, 19, 20, 17, 8, 48, 3, 10, 15, 31, 46, 42, 38, 47, 29, 11, 1, 39, 34, 22, 13, 28, 35, 21, 12, 44]
weights list(greater): [37, 41, 32, 26, 45, 18, 43, 14, 49, 7, 30, 4, 33, 40, 23, 5, 24, 0, 27, 31, 2, 19, 15, 36, 8, 17, 6, 3, 9, 10, 29, 25, 47, 20, 46, 16, 35, 22, 1, 42, 48, 38, 39, 11, 13, 34, 12, 21, 44, 28]
weights list(greater): [32, 43, 49, 14, 27, 45, 30, 41, 4, 37, 18, 7, 26, 2, 33, 23, 25, 0, 40, 31, 24, 5, 16, 47, 9, 19, 17, 6, 8, 22, 3, 15, 38, 20, 36, 35, 46, 39, 13, 34, 29, 10, 42, 1, 48, 11, 28, 21, 12, 44]
weights list(greater): [26, 43, 18, 32, 41, 2, 45, 14, 7, 37, 4, 31, 30, 33, 40, 24, 0, 36, 49, 6, 27, 23, 9, 15, 25, 3, 10, 20, 5, 17, 19, 16, 29, 38, 47, 8, 42, 22, 13, 1, 11, 35, 39, 46, 48, 34, 28, 21, 12, 44]
weights list(greater): [14, 27, 43, 32, 37, 33, 26, 18, 4, 30, 7, 49, 41, 45, 23, 19, 2, 0, 5, 9, 24, 20, 40, 25, 16, 8, 10, 31, 17, 6, 29, 36, 3, 15, 47, 39, 11, 35, 22, 1, 13, 38, 46, 48, 34, 12, 42, 21, 44, 28]
weights list(greater): [4, 14, 2, 32, 27, 18, 33, 43, 37, 26, 7, 30, 45, 23, 41, 5, 0, 3, 49, 25, 40, 24, 8, 16, 36, 17, 19, 20, 9, 10, 31, 6, 15, 47, 29, 11, 35, 48, 22, 13, 42, 46, 1, 34, 28, 38, 39, 12, 44, 21]
weights list(greater): [27, 30, 49, 23, 18, 14, 7, 33, 5, 41, 4, 37, 26, 2, 40, 16, 17, 43, 31, 32, 25, 45, 36, 9, 47, 0, 19, 6, 46, 38, 48, 42, 3, 8, 10, 15, 24, 11, 20, 29, 44, 28, 34, 22, 21, 1, 39, 13, 35, 12]
weights list(greater): [4, 32, 18, 2, 43, 45, 26, 7, 33, 41, 27, 14, 37, 49, 30, 5, 0, 25, 23, 6, 31, 17, 24, 19, 40, 3, 9, 15, 22, 29, 35, 8, 16, 13, 36, 39, 20, 1, 11, 10, 38, 42, 47, 46, 34, 28, 48, 21, 12, 44]
weights list(greater): [2, 4, 26, 45, 18, 43, 32, 7, 41, 33, 24, 0, 31, 40, 37, 36, 25, 10, 6, 14, 27, 30, 15, 23, 20, 3, 49, 17, 9, 16, 19, 38, 5, 35, 22, 8, 13, 29, 39, 42, 47, 11, 46, 1, 48, 34, 21, 28, 12, 44]
weights list(greater): [4, 18, 26, 33, 45, 27, 43, 7, 41, 14, 32, 37, 30, 49, 0, 2, 24, 23, 40, 20, 31, 6, 25, 16, 3, 17, 15, 10, 5, 19, 36, 8, 38, 9, 1, 11, 46, 47, 13, 29, 35, 22, 39, 48, 12, 28, 21, 42, 34, 44]
weights list(greater): [27, 43, 18, 49, 32, 33, 14, 45, 4, 7, 41, 26, 30, 37, 23, 40, 17, 5, 25, 24, 2, 0, 16, 19, 31, 3, 20, 36, 15, 6, 9, 10, 38, 46, 47, 8, 42, 1, 29, 11, 48, 39, 12, 44, 35, 21, 22, 34, 28, 13]
weights list(greater): [4, 26, 2, 45, 18, 33, 41, 27, 37, 43, 32, 14, 7, 5, 49, 0, 30, 23, 8, 22, 24, 13, 6, 16, 17, 35, 40, 25, 1, 15, 29, 31, 9, 19, 20, 3, 39, 47, 36, 10, 11, 48, 38, 42, 46, 21, 12, 34, 28, 44]
weights list(greater): [26, 30, 43, 4, 45, 33, 41, 14, 32, 18, 2, 27, 37, 49, 24, 23, 31, 40, 36, 0, 16, 6, 7, 3, 15, 9, 20, 19, 29, 10, 17, 25, 8, 5, 22, 39, 42, 35, 13, 38, 47, 48, 1, 46, 11, 34, 28, 12, 21, 44]
weights list(greater): [14, 43, 41, 18, 45, 26, 30, 32, 33, 4, 27, 49, 7, 23, 37, 2, 0, 19, 24, 20, 16, 40, 9, 8, 17, 25, 6, 31, 29, 10, 5, 47, 1, 48, 3, 36, 35, 22, 15, 39, 13, 46, 38, 11, 42, 34, 44, 12, 21, 28]
weights list(greater): [14, 23, 30, 27, 49, 33, 18, 4, 43, 32, 16, 19, 7, 45, 26, 37, 41, 2, 9, 0, 25, 40, 6, 24, 31, 3, 8, 36, 5, 17, 48, 47, 20, 15, 46, 29, 1, 22, 10, 44, 38, 42, 34, 28, 12, 21, 35, 39, 13, 11]
weights list(greater): [4, 41, 27, 33, 26, 43, 45, 18, 49, 2, 14, 25, 32, 30, 7, 23, 40, 24, 5, 31, 0, 37, 6, 36, 16, 8, 3, 17, 13, 20, 22, 35, 15, 19, 9, 47, 1, 10, 39, 38, 29, 48, 34, 28, 11, 46, 21, 42, 44, 12]
weights list(greater): [45, 26, 43, 18, 41, 2, 4, 32, 27, 30, 37, 7, 31, 36, 14, 40, 0, 17, 24, 3, 49, 33, 25, 6, 23, 15, 20, 5, 10, 19, 16, 9, 47, 38, 8, 29, 22, 13, 42, 39, 11, 35, 46, 1, 48, 34, 21, 28, 12, 44]
weights list(greater): [30, 49, 27, 14, 18, 43, 33, 4, 37, 32, 41, 23, 26, 7, 45, 24, 40, 31, 6, 0, 19, 15, 36, 3, 2, 9, 5, 20, 25, 16, 8, 17, 47, 10, 38, 46, 42, 48, 29, 22, 12, 1, 39, 44, 21, 35, 28, 13, 34, 11]
weights list(greater): [4, 41, 49, 33, 14, 32, 27, 37, 43, 45, 30, 26, 2, 18, 7, 23, 8, 19, 40, 0, 31, 25, 5, 24, 16, 3, 47, 17, 9, 15, 20, 29, 22, 6, 13, 48, 1, 35, 10, 36, 39, 34, 42, 11, 38, 46, 28, 12, 44, 21]
weights list(greater): [33, 14, 4, 49, 30, 27, 26, 7, 37, 16, 43, 23, 24, 18, 2, 41, 40, 45, 6, 32, 19, 31, 5, 25, 8, 36, 0, 15, 47, 9, 3, 46, 29, 38, 17, 48, 42, 10, 20, 22, 39, 35, 1, 34, 13, 11, 12, 21, 44, 28]
weights list(greater): [4, 27, 49, 30, 43, 26, 41, 18, 33, 14, 45, 32, 37, 7, 2, 24, 23, 25, 40, 0, 5, 31, 16, 6, 19, 15, 20, 3, 22, 8, 36, 9, 47, 17, 48, 10, 13, 35, 29, 1, 46, 39, 38, 11, 34, 42, 28, 44, 21, 12]
weights list(greater): [7, 23, 14, 37, 30, 33, 49, 32, 27, 18, 16, 25, 26, 9, 5, 43, 41, 45, 6, 4, 19, 24, 2, 40, 31, 0, 17, 47, 8, 3, 36, 46, 42, 15, 38, 48, 10, 20, 11, 29, 39, 12, 1, 34, 22, 44, 21, 13, 35, 28]
weights list(greater): [4, 18, 41, 33, 30, 7, 45, 49, 43, 27, 26, 32, 14, 0, 37, 2, 24, 6, 40, 16, 31, 19, 23, 15, 17, 5, 8, 9, 22, 13, 29, 3, 25, 35, 36, 1, 39, 20, 10, 47, 11, 46, 38, 42, 48, 12, 21, 34, 44, 28]
weights list(greater): [4, 2, 18, 45, 25, 41, 32, 7, 43, 26, 33, 5, 24, 31, 14, 49, 27, 6, 36, 17, 15, 40, 30, 37, 3, 0, 16, 9, 38, 19, 10, 23, 20, 42, 8, 29, 46, 47, 48, 13, 1, 39, 22, 35, 34, 11, 21, 28, 12, 44]
weights list(greater): [49, 4, 30, 7, 14, 27, 19, 33, 16, 18, 32, 37, 43, 26, 5, 41, 24, 40, 31, 36, 2, 25, 45, 23, 6, 3, 0, 38, 15, 17, 9, 8, 47, 20, 46, 42, 48, 10, 12, 44, 11, 22, 34, 21, 29, 39, 28, 13, 1, 35]
weights list(greater): [2, 4, 33, 41, 45, 18, 32, 26, 27, 43, 7, 49, 14, 37, 30, 22, 16, 0, 8, 19, 40, 24, 13, 9, 29, 35, 31, 20, 23, 15, 5, 6, 39, 25, 1, 10, 17, 47, 3, 36, 11, 48, 42, 46, 38, 34, 12, 28, 21, 44]
weights list(greater): [32, 2, 4, 26, 41, 45, 18, 43, 30, 33, 49, 6, 37, 25, 31, 14, 40, 24, 7, 27, 0, 36, 16, 20, 15, 3, 8, 23, 5, 10, 19, 17, 47, 9, 42, 13, 29, 39, 46, 35, 1, 38, 48, 22, 34, 11, 28, 12, 21, 44]
weights list(greater): [14, 30, 4, 27, 32, 45, 26, 49, 43, 33, 37, 23, 18, 41, 7, 8, 40, 6, 16, 24, 25, 0, 2, 31, 19, 9, 17, 5, 15, 20, 47, 29, 10, 48, 46, 22, 3, 42, 35, 39, 13, 36, 38, 1, 11, 12, 34, 44, 28, 21]
weights list(greater): [43, 30, 37, 49, 45, 14, 32, 33, 27, 7, 4, 26, 18, 23, 16, 41, 19, 9, 8, 40, 0, 24, 25, 2, 17, 22, 5, 47, 6, 31, 3, 46, 20, 48, 13, 1, 35, 15, 42, 39, 44, 34, 36, 10, 29, 38, 12, 11, 28, 21]
weights list(greater): [27, 49, 23, 14, 30, 37, 16, 33, 45, 7, 4, 8, 26, 19, 40, 9, 2, 24, 43, 6, 32, 31, 15, 47, 41, 46, 3, 0, 18, 48, 36, 25, 42, 17, 20, 38, 5, 10, 12, 28, 34, 44, 21, 35, 29, 11, 22, 1, 39, 13]
weights list(greater): [4, 2, 18, 33, 41, 7, 27, 24, 43, 23, 0, 14, 45, 32, 49, 8, 26, 30, 6, 16, 29, 9, 40, 37, 19, 22, 13, 31, 15, 5, 39, 35, 20, 1, 17, 10, 36, 3, 11, 25, 42, 48, 46, 12, 38, 47, 21, 44, 34, 28]
weights list(greater): [2, 26, 4, 43, 32, 27, 7, 18, 45, 30, 33, 41, 14, 0, 40, 37, 49, 24, 19, 23, 36, 25, 31, 3, 8, 6, 13, 22, 15, 39, 5, 35, 17, 20, 29, 16, 1, 10, 38, 9, 47, 42, 11, 46, 48, 34, 12, 21, 28, 44]
weights list(greater): [30, 14, 4, 27, 7, 33, 37, 18, 43, 26, 49, 8, 32, 23, 16, 2, 0, 6, 41, 9, 24, 19, 3, 40, 31, 45, 36, 25, 15, 47, 46, 17, 20, 48, 42, 5, 38, 39, 29, 13, 1, 22, 35, 10, 11, 44, 12, 28, 34, 21]
weights list(greater): [14, 33, 30, 23, 27, 4, 49, 37, 47, 8, 18, 43, 7, 16, 2, 32, 26, 9, 24, 0, 19, 3, 31, 41, 45, 6, 40, 25, 15, 42, 48, 20, 46, 36, 38, 17, 1, 44, 28, 22, 10, 5, 12, 13, 34, 39, 35, 21, 29, 11]
weights list(greater): [14, 4, 33, 27, 30, 37, 7, 2, 49, 23, 47, 43, 26, 6, 18, 8, 32, 25, 39, 17, 45, 19, 16, 42, 9, 24, 41, 29, 1, 22, 40, 36, 3, 35, 38, 15, 0, 48, 31, 5, 13, 28, 11, 20, 44, 12, 46, 10, 34, 21]
weights list(greater): [14, 4, 30, 27, 33, 2, 37, 16, 47, 7, 49, 18, 23, 26, 8, 43, 40, 19, 32, 24, 31, 38, 41, 6, 22, 35, 39, 9, 45, 13, 1, 42, 48, 25, 0, 34, 36, 15, 17, 46, 3, 29, 20, 5, 28, 44, 10, 11, 21, 12]
weights list(greater): [4, 27, 26, 32, 30, 2, 14, 23, 43, 7, 49, 18, 33, 16, 41, 19, 45, 25, 37, 24, 40, 0, 42, 31, 3, 13, 17, 6, 38, 9, 22, 15, 46, 8, 47, 36, 1, 35, 39, 48, 29, 5, 20, 10, 34, 11, 12, 28, 44, 21]
weights list(greater): [4, 14, 23, 43, 27, 26, 2, 18, 7, 30, 33, 45, 47, 9, 8, 37, 49, 41, 32, 16, 25, 19, 24, 3, 40, 17, 6, 31, 22, 38, 35, 1, 42, 15, 39, 34, 48, 13, 0, 5, 20, 36, 46, 28, 29, 44, 10, 21, 11, 12]
weights list(greater): [4, 14, 26, 30, 27, 25, 18, 43, 2, 7, 45, 41, 33, 23, 32, 49, 31, 37, 24, 17, 42, 6, 9, 15, 40, 3, 16, 36, 29, 19, 46, 38, 8, 5, 47, 0, 22, 10, 39, 35, 48, 13, 20, 1, 11, 12, 34, 28, 44, 21]
weights list(greater): [4, 30, 14, 37, 18, 32, 7, 2, 27, 47, 26, 33, 43, 40, 49, 45, 19, 23, 39, 41, 22, 6, 24, 8, 16, 29, 9, 31, 3, 25, 48, 15, 13, 46, 17, 36, 35, 42, 1, 38, 0, 5, 12, 10, 28, 20, 44, 11, 34, 21]
weights list(greater): [4, 14, 49, 30, 47, 23, 37, 18, 27, 7, 26, 16, 45, 19, 43, 41, 2, 8, 6, 9, 42, 24, 25, 32, 0, 33, 46, 48, 3, 17, 22, 28, 39, 40, 13, 35, 5, 31, 34, 1, 12, 10, 21, 29, 38, 44, 15, 20, 11, 36]
weights list(greater): [4, 14, 26, 43, 32, 30, 45, 18, 41, 33, 23, 27, 7, 49, 8, 37, 47, 6, 22, 13, 0, 40, 16, 2, 35, 9, 39, 19, 24, 1, 5, 31, 17, 25, 38, 15, 34, 20, 36, 3, 42, 46, 28, 10, 48, 29, 11, 21, 44, 12]
weights list(greater): [27, 4, 14, 30, 33, 43, 26, 2, 18, 37, 32, 49, 23, 13, 25, 41, 7, 45, 19, 9, 6, 22, 16, 39, 8, 35, 29, 5, 17, 11, 1, 0, 42, 20, 38, 47, 46, 10, 40, 36, 31, 48, 3, 24, 34, 15, 28, 12, 21, 44]
weights list(greater): [23, 14, 19, 16, 27, 9, 30, 4, 43, 49, 37, 26, 33, 18, 7, 47, 8, 6, 45, 25, 2, 41, 32, 5, 22, 29, 17, 46, 39, 11, 0, 42, 13, 48, 1, 35, 24, 38, 40, 12, 20, 31, 3, 44, 10, 21, 34, 36, 28, 15]
weights list(greater): [4, 30, 27, 14, 49, 18, 32, 26, 41, 43, 19, 9, 2, 33, 45, 23, 24, 7, 47, 22, 6, 0, 31, 29, 37, 16, 8, 15, 40, 36, 1, 35, 39, 20, 13, 3, 5, 17, 48, 42, 10, 46, 25, 34, 12, 28, 11, 44, 38, 21]
weights list(greater): [43, 30, 14, 18, 32, 27, 4, 23, 41, 7, 19, 45, 2, 33, 26, 5, 49, 37, 25, 42, 47, 3, 6, 17, 16, 24, 40, 31, 0, 8, 36, 15, 29, 46, 9, 38, 22, 39, 48, 10, 20, 35, 1, 13, 34, 11, 12, 28, 44, 21]
weights list(greater): [4, 30, 14, 32, 27, 43, 26, 41, 23, 18, 45, 7, 47, 49, 8, 37, 33, 24, 2, 19, 6, 3, 5, 31, 40, 25, 17, 15, 0, 16, 9, 22, 36, 1, 28, 29, 34, 20, 35, 42, 11, 48, 46, 39, 38, 10, 13, 44, 21, 12]
weights list(greater): [43, 26, 23, 18, 30, 14, 16, 45, 49, 7, 41, 27, 4, 32, 19, 9, 33, 6, 37, 25, 40, 5, 2, 24, 8, 42, 31, 17, 47, 46, 36, 15, 48, 0, 38, 3, 29, 1, 22, 35, 11, 39, 12, 10, 13, 20, 44, 34, 28, 21]
weights list(greater): [27, 4, 41, 26, 18, 43, 45, 32, 33, 30, 14, 47, 49, 23, 7, 2, 19, 5, 37, 24, 31, 25, 17, 22, 40, 9, 3, 15, 8, 0, 16, 6, 1, 29, 35, 39, 36, 13, 42, 11, 20, 46, 34, 12, 28, 10, 48, 44, 38, 21]
weights list(greater): [18, 4, 14, 32, 30, 43, 33, 26, 7, 2, 45, 27, 49, 16, 6, 19, 37, 23, 25, 40, 41, 31, 24, 47, 36, 22, 15, 35, 5, 29, 42, 39, 17, 8, 3, 9, 0, 13, 46, 38, 48, 20, 1, 11, 10, 34, 28, 12, 44, 21]
weights list(greater): [23, 26, 32, 43, 47, 27, 18, 4, 16, 14, 37, 45, 30, 19, 7, 41, 49, 33, 6, 8, 5, 40, 24, 31, 15, 22, 9, 3, 2, 35, 36, 25, 48, 39, 28, 17, 13, 38, 1, 12, 29, 34, 42, 11, 44, 46, 21, 20, 0, 10]
weights list(greater): [32, 26, 4, 18, 27, 45, 43, 14, 47, 7, 41, 23, 24, 33, 49, 2, 8, 31, 15, 30, 40, 37, 9, 16, 3, 5, 19, 17, 25, 22, 20, 42, 6, 36, 0, 35, 1, 12, 10, 29, 39, 48, 13, 46, 28, 34, 11, 38, 44, 21]
weights list(greater): [18, 4, 27, 25, 26, 32, 14, 30, 43, 45, 49, 33, 19, 2, 17, 7, 41, 5, 3, 40, 16, 15, 24, 31, 23, 42, 37, 36, 46, 48, 47, 6, 8, 39, 29, 9, 1, 22, 0, 35, 38, 10, 20, 34, 13, 11, 12, 44, 28, 21]
weights list(greater): [26, 37, 43, 27, 32, 33, 4, 45, 49, 2, 23, 24, 8, 14, 41, 16, 18, 47, 6, 30, 15, 19, 40, 7, 3, 31, 9, 22, 35, 39, 36, 1, 29, 28, 46, 34, 48, 25, 13, 42, 5, 20, 17, 11, 0, 38, 10, 44, 12, 21]
weights list(greater): [26, 4, 30, 7, 32, 14, 19, 49, 37, 23, 2, 27, 18, 33, 45, 43, 16, 40, 25, 24, 15, 36, 3, 31, 9, 6, 42, 8, 46, 41, 29, 5, 47, 0, 17, 38, 48, 11, 20, 22, 10, 1, 35, 39, 13, 12, 44, 28, 34, 21]
weights list(greater): [14, 27, 23, 18, 49, 32, 4, 33, 26, 7, 30, 24, 43, 19, 9, 47, 40, 16, 31, 2, 37, 45, 15, 41, 3, 6, 8, 5, 36, 46, 20, 17, 0, 48, 22, 25, 12, 29, 42, 39, 10, 1, 34, 35, 11, 28, 13, 44, 38, 21]
weights list(greater): [4, 27, 49, 14, 30, 26, 33, 40, 19, 43, 18, 7, 2, 23, 24, 9, 47, 32, 31, 16, 36, 45, 37, 15, 41, 8, 25, 6, 3, 42, 46, 29, 48, 5, 22, 17, 39, 35, 1, 10, 13, 0, 20, 11, 12, 28, 38, 34, 44, 21]
weights list(greater): [14, 27, 4, 49, 26, 33, 23, 43, 2, 19, 18, 32, 37, 7, 47, 8, 30, 24, 41, 45, 31, 9, 16, 40, 15, 22, 3, 6, 1, 48, 5, 35, 39, 36, 46, 42, 29, 20, 34, 25, 28, 13, 0, 10, 17, 44, 11, 38, 12, 21]
weights list(greater): [26, 14, 18, 4, 30, 19, 27, 37, 49, 32, 7, 9, 24, 23, 33, 43, 45, 47, 40, 2, 5, 16, 31, 41, 6, 3, 25, 48, 46, 36, 8, 15, 42, 17, 22, 1, 10, 0, 20, 29, 38, 35, 44, 39, 12, 28, 21, 13, 34, 11]
weights list(greater): [4, 26, 27, 18, 33, 45, 49, 32, 43, 30, 19, 41, 2, 14, 37, 47, 7, 24, 6, 8, 23, 40, 31, 9, 16, 15, 36, 22, 5, 3, 1, 29, 25, 20, 17, 35, 39, 10, 42, 0, 13, 46, 28, 34, 11, 48, 38, 12, 44, 21]
weights list(greater): [18, 43, 26, 32, 33, 45, 4, 2, 19, 41, 49, 27, 16, 7, 24, 23, 37, 30, 36, 40, 6, 31, 15, 14, 25, 9, 47, 0, 42, 29, 46, 3, 17, 5, 8, 10, 22, 20, 39, 35, 38, 48, 13, 11, 1, 34, 28, 12, 44, 21]
weights list(greater): [4, 26, 43, 37, 14, 32, 33, 27, 2, 45, 49, 7, 18, 8, 19, 16, 30, 40, 24, 23, 6, 3, 47, 31, 41, 22, 35, 9, 15, 29, 1, 39, 36, 46, 13, 48, 17, 5, 12, 42, 20, 25, 28, 44, 34, 0, 11, 10, 21, 38]
weights list(greater): [14, 37, 4, 26, 27, 7, 45, 47, 49, 33, 32, 16, 43, 18, 30, 23, 19, 2, 8, 24, 6, 3, 31, 40, 5, 42, 41, 1, 25, 15, 9, 35, 22, 48, 36, 12, 46, 39, 17, 28, 13, 29, 44, 11, 38, 21, 10, 20, 34, 0]
weights list(greater): [14, 27, 4, 37, 26, 45, 49, 18, 43, 23, 7, 16, 30, 19, 33, 32, 47, 8, 2, 24, 6, 40, 3, 31, 9, 25, 5, 41, 36, 15, 42, 1, 48, 22, 29, 17, 46, 12, 35, 39, 10, 28, 20, 11, 38, 13, 44, 0, 34, 21]
weights list(greater): [37, 26, 7, 14, 18, 27, 47, 4, 49, 23, 33, 2, 32, 45, 8, 43, 30, 19, 6, 41, 24, 29, 31, 15, 40, 3, 1, 22, 5, 36, 16, 48, 9, 35, 39, 42, 13, 46, 25, 34, 17, 20, 10, 28, 38, 12, 11, 0, 21, 44]
weights list(greater): [23, 4, 16, 30, 27, 37, 14, 7, 19, 2, 8, 33, 26, 18, 49, 47, 6, 42, 43, 40, 32, 3, 46, 45, 9, 24, 5, 48, 31, 15, 36, 41, 20, 10, 17, 25, 38, 1, 22, 12, 35, 0, 29, 11, 28, 34, 39, 21, 44, 13]
weights list(greater): [18, 26, 45, 43, 8, 2, 33, 41, 32, 7, 4, 6, 19, 37, 27, 1, 29, 15, 14, 49, 24, 22, 40, 39, 13, 31, 35, 23, 3, 30, 0, 16, 9, 36, 47, 11, 5, 17, 42, 10, 46, 20, 48, 25, 12, 38, 44, 34, 28, 21]
weights list(greater): [2, 4, 18, 43, 33, 10, 29, 41, 0, 36, 32, 22, 31, 7, 30, 39, 40, 20, 3, 13, 26, 19, 14, 6, 27, 24, 35, 15, 45, 5, 37, 25, 1, 23, 17, 16, 8, 11, 9, 49, 38, 47, 42, 48, 46, 34, 28, 12, 21, 44]
weights list(greater): [4, 2, 30, 33, 49, 26, 18, 14, 37, 32, 43, 23, 16, 27, 19, 45, 7, 40, 6, 0, 15, 31, 41, 22, 9, 3, 29, 8, 24, 1, 10, 17, 46, 47, 20, 35, 39, 36, 25, 13, 11, 5, 48, 42, 34, 21, 38, 44, 28, 12]
weights list(greater): [4, 14, 27, 49, 30, 26, 2, 37, 23, 33, 18, 45, 40, 43, 19, 6, 24, 9, 32, 15, 0, 8, 16, 47, 3, 46, 31, 20, 7, 10, 41, 1, 36, 22, 48, 39, 29, 5, 42, 11, 13, 35, 28, 25, 34, 17, 12, 44, 21, 38]
weights list(greater): [4, 14, 2, 27, 33, 16, 45, 23, 18, 49, 7, 37, 40, 19, 26, 30, 32, 8, 43, 31, 24, 6, 9, 47, 41, 15, 46, 3, 20, 22, 36, 35, 29, 10, 1, 39, 48, 0, 25, 5, 34, 28, 13, 42, 11, 12, 21, 17, 38, 44]
weights list(greater): [27, 2, 4, 18, 23, 33, 37, 16, 49, 26, 14, 32, 45, 43, 40, 24, 7, 47, 30, 8, 31, 6, 19, 46, 36, 20, 9, 22, 39, 48, 3, 15, 1, 29, 42, 41, 0, 10, 35, 5, 25, 13, 28, 44, 17, 11, 12, 21, 38, 34]
weights list(greater): [27, 4, 2, 26, 33, 14, 18, 45, 47, 49, 32, 24, 37, 31, 23, 40, 43, 6, 16, 7, 41, 8, 9, 3, 5, 15, 30, 36, 19, 20, 46, 29, 42, 1, 25, 0, 39, 22, 48, 10, 35, 13, 28, 17, 21, 44, 12, 34, 38, 11]
weights list(greater): [18, 26, 2, 23, 45, 33, 37, 4, 49, 8, 14, 32, 16, 27, 31, 47, 40, 30, 6, 19, 43, 7, 24, 48, 9, 46, 41, 15, 0, 42, 36, 22, 29, 3, 1, 25, 20, 35, 5, 39, 10, 13, 17, 12, 38, 28, 44, 11, 21, 34]
weights list(greater): [4, 32, 33, 27, 43, 18, 49, 45, 26, 41, 2, 14, 37, 7, 47, 23, 16, 40, 24, 31, 19, 6, 30, 8, 15, 3, 9, 29, 0, 35, 5, 34, 39, 1, 22, 36, 20, 25, 10, 48, 13, 46, 28, 17, 42, 38, 11, 21, 12, 44]
weights list(greater): [2, 4, 32, 33, 41, 26, 7, 43, 27, 39, 49, 29, 18, 0, 22, 31, 45, 35, 14, 16, 19, 6, 37, 13, 23, 36, 40, 9, 30, 15, 24, 42, 47, 25, 3, 8, 10, 1, 11, 20, 17, 46, 5, 48, 38, 34, 28, 12, 44, 21]
weights list(greater): [4, 26, 45, 2, 18, 14, 32, 49, 23, 37, 7, 27, 33, 8, 43, 40, 24, 31, 6, 19, 29, 30, 47, 41, 39, 22, 35, 9, 15, 1, 16, 0, 42, 13, 20, 25, 46, 5, 3, 48, 36, 17, 10, 12, 11, 44, 38, 34, 28, 21]
weights list(greater): [4, 14, 27, 45, 26, 18, 23, 49, 31, 37, 30, 24, 2, 40, 8, 33, 47, 6, 16, 32, 43, 9, 19, 46, 42, 7, 41, 20, 35, 29, 1, 48, 22, 15, 39, 36, 5, 0, 13, 3, 10, 28, 38, 34, 25, 12, 11, 17, 21, 44]
weights list(greater): [23, 30, 4, 27, 14, 49, 33, 37, 45, 43, 18, 9, 26, 31, 32, 19, 5, 16, 2, 6, 41, 7, 47, 46, 24, 40, 0, 8, 29, 20, 15, 1, 42, 10, 36, 22, 3, 48, 25, 35, 34, 11, 13, 12, 28, 38, 44, 39, 17, 21]
weights list(greater): [27, 43, 32, 33, 26, 4, 18, 49, 14, 6, 45, 2, 8, 24, 41, 37, 40, 31, 19, 29, 30, 47, 1, 36, 16, 9, 15, 22, 7, 39, 35, 23, 5, 0, 34, 13, 46, 20, 48, 28, 3, 42, 10, 17, 25, 38, 11, 21, 12, 44]
weights list(greater): [33, 4, 2, 14, 27, 29, 18, 25, 30, 7, 32, 22, 35, 39, 49, 0, 43, 31, 40, 19, 36, 41, 26, 23, 13, 6, 45, 16, 24, 9, 5, 37, 8, 15, 1, 17, 42, 48, 47, 46, 3, 10, 20, 11, 38, 34, 28, 12, 21, 44]
weights list(greater): [4, 23, 37, 33, 43, 26, 2, 14, 45, 27, 32, 41, 18, 49, 8, 7, 30, 16, 19, 29, 47, 42, 6, 40, 5, 1, 46, 25, 22, 35, 13, 31, 17, 24, 39, 48, 15, 0, 9, 3, 36, 12, 11, 20, 44, 34, 28, 10, 21, 38]
weights list(greater): [27, 14, 37, 26, 4, 8, 33, 2, 43, 49, 23, 32, 24, 45, 18, 47, 41, 30, 42, 31, 7, 40, 6, 15, 19, 16, 9, 1, 0, 46, 36, 25, 29, 20, 34, 3, 5, 28, 48, 35, 10, 38, 13, 39, 17, 22, 11, 12, 21, 44]
weights list(greater): [32, 26, 33, 43, 4, 14, 45, 2, 41, 27, 18, 30, 7, 24, 49, 16, 36, 37, 40, 6, 31, 19, 23, 25, 8, 15, 46, 29, 42, 9, 47, 13, 17, 48, 35, 39, 5, 0, 3, 22, 1, 20, 10, 38, 34, 11, 28, 12, 44, 21]
weights list(greater): [2, 32, 43, 33, 26, 27, 18, 4, 37, 45, 14, 41, 7, 8, 24, 49, 47, 23, 29, 19, 40, 1, 25, 35, 39, 31, 16, 3, 30, 6, 22, 13, 48, 15, 9, 5, 17, 36, 0, 20, 11, 42, 28, 46, 34, 38, 10, 12, 21, 44]
weights list(greater): [2, 4, 14, 26, 49, 37, 18, 27, 33, 32, 43, 45, 41, 7, 19, 29, 40, 30, 31, 23, 16, 0, 8, 47, 9, 42, 5, 24, 25, 6, 46, 15, 22, 48, 3, 1, 13, 17, 36, 35, 39, 20, 38, 11, 10, 12, 21, 44, 34, 28]
weights list(greater): [27, 14, 4, 49, 2, 26, 19, 37, 45, 33, 18, 8, 43, 47, 32, 7, 24, 41, 40, 16, 30, 6, 23, 31, 15, 9, 42, 29, 25, 48, 1, 5, 46, 36, 39, 28, 20, 3, 35, 22, 17, 13, 34, 0, 10, 38, 12, 11, 21, 44]
weights list(greater): [4, 27, 26, 30, 18, 49, 45, 14, 41, 2, 37, 23, 43, 19, 7, 32, 16, 33, 8, 42, 6, 46, 40, 47, 24, 29, 31, 15, 1, 48, 36, 3, 5, 9, 20, 22, 0, 13, 17, 35, 11, 10, 25, 38, 39, 28, 34, 12, 44, 21]
weights list(greater): [14, 2, 27, 26, 4, 18, 33, 45, 32, 43, 49, 8, 41, 47, 37, 19, 7, 24, 40, 23, 29, 30, 1, 35, 31, 5, 6, 48, 16, 9, 22, 46, 25, 39, 3, 13, 15, 42, 36, 28, 20, 17, 34, 0, 11, 10, 38, 12, 21, 44]
weights list(greater): [2, 27, 4, 33, 30, 19, 7, 49, 16, 32, 24, 29, 0, 43, 23, 41, 25, 14, 31, 18, 6, 26, 22, 40, 45, 35, 13, 42, 36, 8, 1, 46, 15, 39, 37, 17, 9, 5, 11, 47, 48, 20, 10, 3, 38, 34, 28, 12, 44, 21]
weights list(greater): [27, 33, 19, 2, 14, 23, 43, 30, 32, 4, 26, 49, 37, 8, 45, 18, 16, 24, 41, 48, 6, 47, 42, 40, 29, 31, 1, 20, 9, 7, 3, 12, 15, 46, 10, 34, 22, 0, 36, 5, 35, 39, 11, 38, 28, 25, 21, 13, 44, 17]
weights list(greater): [27, 32, 33, 43, 24, 26, 41, 45, 31, 2, 19, 40, 4, 49, 15, 18, 47, 30, 1, 36, 8, 6, 37, 29, 14, 39, 16, 3, 7, 13, 22, 35, 23, 25, 20, 42, 48, 5, 17, 34, 28, 10, 9, 38, 0, 46, 12, 11, 21, 44]
weights list(greater): [41, 32, 26, 30, 33, 27, 2, 4, 18, 43, 19, 7, 45, 37, 23, 14, 49, 25, 16, 46, 8, 42, 31, 24, 22, 6, 9, 40, 1, 35, 13, 17, 48, 39, 0, 15, 29, 36, 47, 5, 34, 38, 3, 20, 11, 10, 28, 12, 21, 44]
weights list(greater): [43, 2, 26, 18, 32, 27, 33, 14, 41, 30, 45, 37, 4, 24, 8, 49, 7, 19, 31, 23, 16, 1, 6, 22, 5, 47, 29, 15, 3, 39, 13, 35, 40, 36, 48, 25, 42, 17, 46, 12, 11, 34, 9, 28, 44, 0, 21, 38, 20, 10]
weights list(greater): [26, 32, 2, 18, 27, 41, 14, 33, 43, 4, 49, 24, 30, 37, 8, 45, 19, 16, 31, 40, 7, 15, 29, 47, 36, 6, 23, 3, 1, 5, 0, 42, 22, 25, 17, 9, 39, 10, 35, 12, 11, 13, 20, 38, 28, 46, 34, 48, 44, 21]
weights list(greater): [26, 33, 32, 2, 49, 4, 16, 14, 7, 19, 41, 45, 18, 27, 30, 36, 24, 6, 23, 37, 31, 43, 15, 40, 46, 13, 39, 42, 8, 22, 29, 1, 35, 47, 5, 25, 3, 0, 17, 9, 48, 10, 11, 20, 34, 38, 28, 12, 21, 44]
weights list(greater): [27, 43, 2, 49, 33, 14, 45, 41, 24, 4, 23, 19, 8, 26, 32, 37, 18, 31, 16, 30, 6, 40, 15, 47, 36, 7, 39, 35, 48, 1, 29, 3, 5, 9, 22, 13, 11, 42, 46, 25, 12, 17, 28, 21, 34, 0, 44, 38, 20, 10]
weights list(greater): [2, 27, 32, 43, 26, 33, 45, 49, 14, 8, 18, 30, 16, 41, 47, 7, 24, 19, 4, 37, 40, 23, 29, 31, 15, 5, 1, 42, 6, 3, 48, 20, 39, 9, 34, 36, 35, 22, 25, 10, 0, 13, 38, 17, 46, 12, 11, 21, 28, 44]
weights list(greater): [30, 14, 33, 2, 16, 4, 49, 43, 26, 45, 6, 19, 27, 32, 41, 18, 8, 40, 37, 23, 31, 42, 24, 36, 7, 46, 1, 5, 39, 15, 22, 13, 35, 47, 29, 9, 48, 3, 25, 11, 20, 38, 17, 0, 10, 12, 34, 28, 21, 44]
weights list(greater): [14, 27, 30, 33, 26, 4, 49, 32, 43, 45, 8, 37, 23, 18, 19, 16, 24, 41, 2, 6, 7, 31, 1, 40, 47, 39, 42, 35, 9, 29, 13, 46, 48, 15, 5, 22, 36, 3, 34, 25, 28, 11, 17, 38, 20, 10, 12, 0, 44, 21]
weights list(greater): [16, 14, 4, 49, 27, 30, 33, 2, 42, 8, 23, 19, 37, 18, 43, 46, 26, 45, 47, 32, 9, 48, 40, 7, 24, 41, 31, 6, 36, 1, 29, 22, 20, 39, 35, 5, 13, 3, 10, 15, 11, 0, 12, 34, 25, 38, 17, 28, 44, 21]
weights list(greater): [4, 27, 14, 33, 8, 49, 26, 32, 19, 37, 30, 23, 45, 43, 16, 18, 47, 2, 1, 24, 9, 31, 41, 6, 7, 40, 42, 36, 35, 5, 28, 48, 34, 46, 15, 11, 39, 29, 13, 10, 3, 0, 22, 38, 25, 20, 12, 17, 21, 44]
weights list(greater): [30, 14, 4, 43, 33, 19, 27, 26, 23, 49, 32, 18, 41, 45, 9, 37, 2, 5, 36, 24, 7, 46, 16, 40, 42, 8, 6, 31, 47, 29, 15, 25, 48, 10, 11, 1, 13, 35, 0, 3, 17, 38, 22, 20, 39, 34, 12, 28, 21, 44]
weights list(greater): [14, 30, 27, 26, 33, 4, 18, 49, 43, 45, 2, 37, 32, 23, 19, 8, 16, 9, 42, 24, 31, 41, 1, 47, 6, 13, 7, 22, 39, 35, 40, 48, 15, 5, 36, 11, 46, 0, 29, 3, 10, 28, 44, 20, 25, 34, 38, 12, 17, 21]
weights list(greater): [27, 30, 23, 14, 4, 49, 33, 47, 18, 16, 26, 45, 24, 2, 37, 8, 46, 48, 5, 43, 6, 40, 7, 42, 9, 31, 19, 36, 1, 32, 41, 3, 29, 10, 15, 22, 20, 44, 35, 28, 21, 34, 11, 0, 25, 13, 39, 12, 17, 38]
weights list(greater): [2, 33, 4, 49, 32, 26, 30, 43, 18, 45, 41, 27, 14, 8, 19, 23, 24, 5, 16, 37, 9, 40, 1, 3, 31, 6, 36, 29, 39, 35, 0, 13, 15, 7, 22, 47, 20, 42, 10, 34, 46, 17, 38, 25, 48, 11, 28, 12, 21, 44]
weights list(greater): [2, 5, 10, 13, 20, 18, 36, 0, 22, 7, 4, 1, 39, 35, 15, 29, 24, 31, 16, 27, 41, 40, 37, 26, 33, 30, 19, 25, 3, 8, 45, 32, 49, 23, 6, 43, 17, 14, 9, 42, 47, 34, 11, 46, 38, 48, 28, 12, 21, 44]
weights list(greater): [4, 16, 30, 9, 14, 19, 23, 27, 2, 49, 33, 1, 8, 43, 45, 18, 6, 26, 0, 29, 41, 24, 7, 31, 37, 39, 20, 15, 46, 22, 47, 5, 13, 10, 40, 35, 32, 48, 3, 36, 25, 38, 34, 12, 17, 44, 42, 11, 21, 28]
weights list(greater): [16, 30, 4, 2, 33, 32, 8, 49, 27, 37, 43, 45, 18, 26, 23, 14, 9, 19, 24, 0, 41, 46, 31, 6, 29, 47, 15, 3, 40, 1, 5, 48, 42, 20, 7, 36, 39, 12, 22, 13, 17, 10, 25, 34, 35, 11, 28, 44, 21, 38]
weights list(greater): [4, 14, 33, 30, 32, 2, 26, 37, 27, 23, 43, 16, 18, 6, 45, 8, 19, 1, 49, 31, 41, 24, 48, 9, 29, 40, 3, 47, 15, 0, 46, 5, 36, 42, 22, 39, 20, 35, 7, 44, 10, 28, 13, 25, 12, 17, 21, 38, 34, 11]
weights list(greater): [4, 30, 14, 33, 2, 49, 37, 27, 16, 23, 19, 24, 18, 29, 8, 31, 6, 42, 43, 32, 40, 47, 45, 26, 15, 41, 46, 9, 22, 48, 1, 3, 39, 36, 0, 35, 7, 12, 5, 13, 25, 11, 20, 28, 17, 44, 34, 21, 38, 10]
weights list(greater): [4, 33, 30, 27, 14, 32, 18, 24, 45, 8, 43, 37, 23, 31, 2, 26, 19, 6, 16, 47, 40, 49, 9, 15, 41, 48, 42, 29, 3, 36, 0, 7, 35, 1, 5, 39, 10, 34, 20, 13, 46, 38, 25, 22, 12, 17, 44, 28, 11, 21]
weights list(greater): [4, 2, 30, 33, 32, 14, 18, 37, 16, 8, 43, 49, 19, 27, 26, 24, 6, 45, 41, 31, 23, 7, 47, 29, 9, 40, 15, 42, 46, 36, 48, 5, 39, 22, 0, 25, 1, 13, 3, 35, 34, 20, 11, 17, 10, 12, 28, 38, 44, 21]
weights list(greater): [4, 27, 26, 30, 14, 16, 33, 43, 9, 18, 41, 23, 2, 37, 32, 24, 49, 31, 6, 8, 7, 45, 40, 19, 15, 29, 47, 39, 42, 0, 10, 22, 3, 35, 1, 5, 48, 36, 13, 46, 17, 34, 25, 11, 20, 44, 12, 28, 38, 21]
weights list(greater): [14, 27, 30, 18, 33, 16, 26, 9, 43, 49, 2, 4, 32, 45, 23, 19, 8, 37, 46, 31, 6, 40, 41, 24, 15, 42, 7, 0, 47, 3, 48, 29, 1, 36, 25, 20, 5, 10, 17, 39, 11, 22, 28, 12, 13, 44, 38, 35, 21, 34]
weights list(greater): [32, 26, 4, 2, 18, 41, 27, 33, 43, 45, 30, 8, 19, 49, 39, 1, 6, 14, 24, 35, 7, 16, 40, 9, 23, 29, 37, 47, 13, 22, 10, 0, 5, 17, 31, 15, 20, 25, 3, 46, 48, 36, 34, 42, 11, 28, 38, 12, 44, 21]
weights list(greater): [4, 27, 2, 16, 19, 32, 41, 7, 33, 24, 30, 18, 49, 23, 26, 15, 43, 31, 45, 0, 40, 25, 8, 9, 3, 37, 14, 29, 13, 6, 42, 17, 20, 46, 35, 10, 39, 22, 36, 5, 48, 1, 38, 47, 34, 11, 28, 12, 21, 44]
weights list(greater): [16, 30, 4, 9, 26, 27, 33, 14, 49, 8, 23, 24, 2, 41, 18, 19, 43, 45, 3, 15, 40, 6, 37, 32, 31, 7, 46, 0, 48, 36, 5, 29, 1, 42, 47, 11, 20, 22, 28, 39, 10, 25, 34, 12, 44, 35, 13, 21, 38, 17]
weights list(greater): [4, 32, 16, 26, 18, 27, 45, 43, 49, 14, 30, 2, 41, 8, 7, 33, 6, 37, 23, 39, 35, 9, 24, 1, 19, 5, 47, 42, 13, 46, 17, 40, 22, 48, 0, 31, 29, 15, 25, 10, 3, 20, 34, 38, 36, 11, 28, 12, 21, 44]
weights list(greater): [2, 4, 32, 26, 43, 33, 30, 45, 18, 16, 37, 14, 41, 6, 42, 24, 23, 27, 29, 49, 31, 40, 15, 35, 39, 22, 36, 13, 19, 8, 0, 11, 46, 7, 47, 48, 9, 20, 3, 1, 38, 5, 25, 10, 17, 34, 28, 12, 21, 44]
weights list(greater): [33, 27, 4, 26, 49, 32, 43, 30, 14, 18, 45, 16, 42, 24, 2, 8, 37, 47, 41, 46, 6, 19, 23, 31, 40, 29, 15, 9, 48, 3, 36, 7, 39, 22, 0, 5, 35, 25, 11, 20, 10, 1, 13, 17, 38, 12, 34, 44, 28, 21]
weights list(greater): [33, 4, 27, 14, 30, 32, 49, 26, 16, 37, 8, 43, 18, 23, 45, 19, 24, 47, 6, 2, 40, 15, 41, 31, 9, 29, 3, 48, 42, 1, 46, 7, 36, 35, 5, 39, 25, 22, 13, 44, 28, 0, 17, 34, 12, 38, 21, 10, 11, 20]
weights list(greater): [14, 33, 49, 27, 4, 26, 30, 8, 16, 43, 18, 9, 37, 32, 23, 24, 2, 45, 19, 6, 47, 31, 41, 40, 46, 42, 48, 15, 29, 35, 39, 7, 3, 5, 1, 20, 36, 22, 34, 28, 10, 25, 13, 0, 44, 38, 12, 17, 21, 11]
weights list(greater): [14, 33, 4, 30, 49, 26, 16, 23, 27, 2, 37, 32, 24, 8, 18, 6, 47, 45, 43, 31, 42, 19, 46, 9, 15, 29, 40, 3, 35, 22, 48, 39, 41, 7, 1, 36, 5, 25, 13, 34, 11, 0, 28, 38, 44, 21, 12, 20, 17, 10]
weights list(greater): [32, 27, 26, 14, 33, 8, 4, 30, 37, 18, 45, 23, 49, 43, 9, 16, 2, 47, 19, 42, 24, 31, 41, 40, 7, 6, 25, 5, 15, 28, 3, 29, 34, 46, 20, 36, 0, 48, 17, 10, 1, 38, 11, 39, 35, 13, 22, 21, 44, 12]
weights list(greater): [14, 30, 33, 49, 4, 27, 23, 37, 8, 18, 16, 26, 19, 32, 2, 46, 43, 48, 6, 9, 45, 29, 42, 47, 5, 7, 22, 31, 3, 41, 39, 35, 1, 13, 25, 24, 17, 40, 11, 0, 15, 38, 36, 20, 10, 12, 28, 21, 34, 44]
weights list(greater): [14, 4, 30, 33, 27, 23, 16, 49, 8, 2, 24, 18, 19, 47, 26, 43, 32, 31, 9, 29, 6, 37, 39, 45, 40, 35, 41, 7, 22, 15, 3, 5, 42, 1, 13, 36, 11, 28, 48, 46, 34, 25, 17, 0, 20, 38, 10, 12, 21, 44]
weights list(greater): [23, 14, 30, 16, 33, 27, 4, 49, 37, 19, 2, 8, 18, 26, 29, 43, 6, 32, 31, 46, 48, 40, 42, 41, 9, 24, 47, 15, 7, 45, 3, 22, 39, 5, 36, 1, 25, 11, 20, 0, 13, 17, 35, 12, 44, 34, 38, 21, 28, 10]
weights list(greater): [8, 26, 32, 2, 41, 45, 43, 18, 33, 37, 30, 23, 14, 39, 19, 49, 27, 4, 6, 29, 13, 1, 35, 24, 16, 15, 40, 7, 3, 31, 47, 22, 9, 0, 36, 25, 5, 20, 11, 42, 17, 10, 48, 46, 34, 38, 12, 28, 44, 21]
weights list(greater): [2, 4, 27, 14, 30, 16, 31, 18, 45, 19, 49, 23, 26, 24, 25, 6, 40, 15, 43, 17, 7, 32, 36, 3, 0, 41, 37, 5, 29, 10, 33, 22, 9, 13, 42, 46, 35, 8, 20, 48, 39, 11, 47, 1, 38, 34, 28, 12, 21, 44]
weights list(greater): [4, 14, 16, 33, 23, 30, 27, 18, 2, 19, 43, 32, 41, 49, 26, 45, 37, 8, 31, 46, 11, 24, 6, 9, 40, 42, 22, 29, 36, 48, 7, 17, 15, 13, 47, 35, 5, 25, 3, 10, 39, 1, 0, 20, 44, 28, 12, 34, 21, 38]
weights list(greater): [27, 49, 18, 26, 45, 14, 2, 33, 43, 16, 32, 8, 41, 30, 4, 23, 6, 19, 31, 47, 24, 40, 37, 48, 15, 29, 3, 22, 36, 9, 1, 7, 42, 11, 35, 46, 25, 17, 13, 5, 10, 34, 28, 39, 0, 12, 44, 38, 20, 21]
weights list(greater): [14, 23, 30, 27, 33, 4, 49, 16, 45, 26, 2, 43, 32, 18, 8, 24, 6, 37, 19, 48, 31, 41, 42, 3, 40, 46, 9, 47, 5, 7, 36, 15, 17, 29, 10, 25, 20, 12, 1, 11, 13, 0, 34, 22, 21, 28, 44, 35, 38, 39]
weights list(greater): [2, 26, 4, 32, 18, 33, 43, 8, 27, 14, 45, 41, 37, 19, 23, 6, 49, 30, 16, 7, 42, 9, 1, 48, 17, 10, 46, 20, 0, 3, 25, 24, 31, 5, 36, 15, 40, 22, 39, 11, 13, 35, 29, 47, 12, 44, 38, 21, 34, 28]
weights list(greater): [2, 7, 20, 40, 4, 13, 24, 35, 10, 36, 15, 22, 17, 31, 6, 29, 39, 0, 25, 26, 41, 43, 18, 19, 45, 3, 33, 8, 5, 23, 1, 37, 14, 32, 47, 46, 16, 11, 30, 49, 42, 27, 9, 38, 34, 48, 12, 21, 28, 44]
weights list(greater): [4, 16, 23, 14, 33, 30, 49, 9, 6, 18, 19, 2, 26, 8, 37, 40, 31, 24, 0, 45, 41, 7, 27, 43, 32, 3, 47, 15, 10, 35, 48, 20, 5, 39, 22, 11, 29, 1, 17, 34, 21, 46, 36, 25, 13, 38, 44, 12, 42, 28]
weights list(greater): [4, 14, 30, 16, 33, 49, 23, 18, 9, 26, 19, 7, 8, 27, 24, 48, 2, 31, 25, 47, 40, 45, 41, 46, 3, 37, 43, 6, 42, 0, 15, 20, 36, 32, 10, 12, 28, 39, 22, 5, 44, 34, 17, 11, 29, 35, 38, 1, 21, 13]
weights list(greater): [32, 43, 7, 14, 33, 30, 18, 23, 26, 49, 2, 8, 37, 5, 39, 6, 3, 24, 47, 0, 45, 40, 25, 27, 29, 31, 10, 41, 17, 4, 19, 15, 1, 42, 16, 13, 48, 22, 35, 36, 11, 28, 12, 9, 34, 46, 20, 38, 44, 21]
weights list(greater): [30, 4, 2, 33, 16, 27, 26, 14, 18, 19, 23, 32, 49, 45, 37, 43, 6, 24, 31, 0, 40, 41, 8, 9, 46, 36, 15, 29, 22, 42, 3, 20, 13, 48, 7, 10, 35, 25, 5, 11, 47, 39, 17, 1, 34, 38, 12, 28, 44, 21]
weights list(greater): [4, 30, 16, 14, 23, 27, 49, 19, 33, 26, 18, 32, 45, 43, 9, 7, 24, 47, 31, 8, 46, 6, 3, 41, 48, 15, 25, 2, 37, 40, 0, 36, 5, 44, 12, 29, 11, 10, 42, 28, 39, 17, 20, 21, 34, 35, 13, 38, 22, 1]
weights list(greater): [4, 49, 14, 27, 41, 33, 18, 2, 26, 24, 30, 16, 32, 43, 6, 23, 31, 3, 45, 8, 39, 19, 40, 29, 7, 0, 15, 22, 37, 13, 36, 9, 35, 17, 47, 5, 10, 1, 25, 20, 42, 48, 34, 46, 12, 11, 28, 38, 44, 21]
weights list(greater): [2, 4, 30, 33, 26, 6, 41, 29, 27, 3, 16, 39, 24, 31, 43, 18, 15, 49, 20, 36, 14, 0, 10, 22, 40, 35, 32, 45, 23, 13, 7, 37, 48, 46, 19, 8, 25, 42, 17, 9, 47, 1, 5, 34, 11, 38, 12, 28, 21, 44]
weights list(greater): [4, 30, 14, 27, 16, 33, 23, 32, 18, 49, 26, 43, 46, 41, 9, 2, 45, 24, 19, 48, 6, 7, 8, 31, 3, 37, 42, 15, 40, 36, 10, 47, 20, 25, 0, 29, 22, 11, 5, 17, 39, 35, 13, 44, 21, 38, 28, 12, 34, 1]
weights list(greater): [14, 30, 4, 27, 16, 33, 49, 32, 23, 19, 8, 26, 18, 6, 47, 43, 2, 41, 31, 45, 24, 36, 3, 9, 15, 42, 22, 7, 13, 40, 28, 39, 29, 35, 37, 34, 17, 25, 0, 48, 10, 5, 20, 1, 38, 46, 44, 12, 21, 11]
weights list(greater): [30, 14, 23, 16, 4, 33, 49, 27, 26, 45, 19, 32, 18, 43, 2, 6, 37, 36, 7, 41, 24, 31, 48, 9, 42, 8, 22, 15, 46, 25, 40, 3, 29, 13, 47, 17, 39, 0, 38, 20, 5, 35, 10, 11, 34, 1, 28, 12, 44, 21]
weights list(greater): [30, 4, 23, 27, 14, 16, 33, 43, 49, 26, 18, 45, 2, 8, 24, 37, 32, 6, 19, 9, 47, 3, 31, 15, 41, 7, 36, 42, 40, 46, 48, 28, 22, 0, 13, 20, 10, 39, 17, 35, 44, 11, 29, 34, 25, 12, 38, 1, 21, 5]
weights list(greater): [2, 33, 14, 16, 30, 23, 4, 49, 32, 27, 26, 41, 43, 7, 45, 9, 3, 24, 6, 47, 28, 31, 19, 15, 18, 36, 8, 25, 48, 5, 17, 37, 35, 34, 40, 22, 39, 46, 29, 42, 20, 0, 13, 1, 10, 44, 21, 11, 38, 12]
weights list(greater): [33, 16, 14, 23, 4, 30, 43, 49, 27, 32, 26, 2, 19, 42, 24, 31, 8, 48, 45, 40, 15, 6, 18, 47, 7, 29, 9, 37, 35, 41, 46, 0, 36, 13, 39, 25, 20, 22, 3, 10, 17, 1, 11, 5, 12, 21, 44, 34, 38, 28]
weights list(greater): [30, 4, 14, 23, 33, 16, 27, 49, 26, 8, 32, 19, 24, 47, 18, 45, 43, 2, 7, 31, 6, 41, 40, 9, 29, 3, 48, 46, 37, 25, 15, 28, 0, 36, 21, 10, 39, 42, 5, 22, 44, 11, 17, 34, 20, 38, 35, 12, 1, 13]
weights list(greater): [2, 30, 26, 27, 43, 41, 19, 8, 49, 33, 6, 23, 16, 31, 7, 14, 1, 3, 24, 32, 37, 47, 40, 45, 15, 36, 42, 48, 4, 0, 34, 11, 17, 18, 39, 25, 29, 46, 9, 10, 35, 5, 13, 28, 22, 38, 20, 21, 44, 12]
weights list(greater): [33, 4, 32, 2, 27, 45, 26, 19, 43, 41, 30, 18, 49, 6, 16, 3, 36, 8, 0, 14, 23, 10, 7, 37, 29, 20, 15, 31, 40, 1, 22, 24, 46, 25, 5, 48, 35, 42, 47, 17, 13, 38, 39, 9, 11, 34, 28, 12, 21, 44]
weights list(greater): [33, 27, 49, 16, 32, 2, 4, 26, 43, 30, 45, 18, 41, 19, 6, 14, 0, 47, 23, 3, 20, 8, 36, 37, 46, 31, 29, 15, 10, 7, 22, 1, 9, 17, 40, 24, 28, 35, 42, 48, 39, 5, 13, 11, 44, 25, 12, 21, 34, 38]
weights list(greater): [27, 2, 33, 14, 26, 19, 8, 32, 41, 43, 30, 49, 7, 31, 4, 24, 16, 45, 47, 1, 6, 0, 36, 48, 3, 37, 10, 20, 23, 15, 18, 40, 29, 46, 5, 42, 35, 25, 34, 39, 22, 9, 17, 28, 13, 38, 11, 21, 12, 44]
weights list(greater): [26, 43, 30, 33, 18, 32, 49, 37, 4, 41, 14, 19, 23, 27, 48, 45, 16, 2, 36, 31, 15, 8, 24, 0, 6, 40, 46, 29, 9, 1, 42, 3, 39, 22, 47, 25, 7, 5, 35, 13, 20, 34, 38, 10, 17, 11, 12, 21, 28, 44]
weights list(greater): [32, 33, 16, 45, 30, 43, 27, 2, 18, 41, 4, 49, 23, 26, 47, 6, 14, 19, 48, 1, 9, 37, 36, 31, 3, 46, 7, 8, 0, 15, 20, 42, 10, 24, 17, 28, 29, 44, 40, 34, 35, 25, 38, 13, 5, 12, 21, 39, 22, 11]
weights list(greater): [27, 32, 2, 30, 26, 43, 6, 16, 41, 18, 8, 45, 49, 37, 1, 3, 20, 47, 10, 36, 4, 15, 33, 14, 7, 39, 0, 9, 28, 29, 31, 17, 19, 40, 13, 24, 35, 42, 23, 22, 5, 25, 48, 34, 38, 46, 12, 21, 11, 44]
weights list(greater): [14, 4, 30, 18, 23, 7, 26, 19, 16, 15, 25, 32, 6, 31, 41, 43, 27, 24, 36, 40, 33, 3, 9, 17, 10, 2, 0, 37, 45, 49, 8, 22, 20, 48, 29, 1, 5, 13, 39, 46, 42, 35, 11, 38, 34, 47, 28, 12, 44, 21]
weights list(greater): [30, 19, 18, 7, 14, 6, 27, 32, 25, 4, 49, 16, 23, 33, 26, 2, 8, 24, 43, 41, 31, 36, 45, 0, 40, 37, 9, 17, 3, 15, 5, 48, 1, 20, 35, 29, 39, 47, 22, 10, 42, 13, 46, 21, 12, 44, 28, 38, 11, 34]
weights list(greater): [43, 14, 32, 16, 18, 30, 8, 45, 37, 2, 7, 6, 27, 26, 23, 17, 41, 47, 25, 48, 9, 3, 1, 28, 42, 36, 24, 11, 31, 44, 15, 38, 49, 40, 5, 19, 33, 12, 4, 46, 21, 34, 35, 13, 22, 10, 0, 39, 29, 20]
