v1 r
contaminated_client_indices:[25, 84, 3, 83, 69, 87, 31, 47, 48, 50, 27, 6, 95, 89, 0, 59, 32, 43, 49, 90, 66, 75, 60, 34, 1, 78, 44, 98, 40, 63]
weights list(greater): [54, 27, 29, 78, 72, 19, 57, 64, 89, 49, 52, 74, 92, 67, 34, 8, 37, 42, 98, 47, 86, 62, 9, 13, 3, 55, 36, 35, 79, 21, 25, 60, 51, 44, 6, 45, 16, 76, 61, 32, 69, 56, 90, 80, 87, 0, 4, 10, 93, 2, 65, 59, 40, 39, 14, 31, 26, 66, 71, 30, 17, 50, 75, 46, 70, 96, 7, 1, 91, 11, 5, 41, 84, 48, 12, 22, 82, 95, 83, 15, 24, 20, 73, 18, 94, 81, 99, 53, 77, 63, 88, 28, 58, 33, 43, 23, 85, 38, 68, 97]
weights list(greater): [34, 54, 57, 64, 56, 9, 39, 61, 86, 36, 98, 37, 52, 26, 2, 80, 72, 51, 90, 6, 41, 29, 89, 74, 92, 0, 19, 78, 76, 31, 44, 71, 32, 17, 69, 11, 87, 4, 66, 62, 49, 46, 35, 93, 91, 7, 5, 96, 14, 95, 8, 45, 21, 59, 3, 10, 47, 42, 1, 16, 67, 12, 13, 27, 84, 22, 82, 15, 24, 55, 83, 40, 79, 68, 99, 63, 58, 25, 77, 88, 60, 50, 70, 75, 94, 30, 43, 65, 23, 81, 33, 85, 18, 20, 28, 48, 38, 97, 53, 73]
weights list(greater): [34, 54, 86, 19, 16, 57, 74, 52, 64, 89, 69, 71, 2, 17, 56, 55, 4, 78, 67, 51, 39, 49, 90, 7, 44, 10, 83, 29, 35, 32, 14, 92, 46, 66, 12, 21, 41, 93, 96, 36, 5, 61, 76, 0, 95, 62, 22, 65, 72, 80, 37, 9, 26, 91, 87, 84, 31, 45, 11, 13, 1, 47, 42, 6, 79, 59, 40, 25, 98, 3, 70, 75, 8, 60, 27, 24, 30, 50, 82, 68, 43, 20, 15, 18, 33, 94, 58, 85, 77, 99, 48, 88, 81, 63, 23, 97, 38, 53, 73, 28]
weights list(greater): [34, 19, 86, 62, 49, 45, 57, 54, 71, 74, 52, 72, 78, 59, 36, 37, 67, 12, 46, 93, 9, 16, 64, 69, 39, 66, 32, 14, 89, 79, 2, 42, 17, 95, 7, 4, 44, 96, 55, 80, 35, 90, 50, 83, 47, 29, 65, 21, 11, 5, 8, 92, 3, 87, 13, 22, 91, 76, 1, 10, 84, 26, 41, 61, 27, 20, 98, 40, 56, 0, 51, 31, 6, 24, 43, 68, 15, 33, 82, 94, 70, 77, 25, 85, 58, 88, 63, 30, 81, 75, 60, 99, 18, 97, 38, 23, 48, 28, 53, 73]
weights list(greater): [34, 54, 19, 62, 57, 74, 86, 8, 55, 71, 49, 25, 78, 72, 39, 12, 50, 95, 89, 35, 42, 52, 69, 45, 64, 9, 36, 46, 16, 27, 79, 91, 67, 3, 65, 13, 21, 26, 47, 37, 40, 22, 90, 17, 93, 80, 96, 70, 1, 56, 32, 75, 4, 2, 59, 14, 41, 20, 84, 5, 11, 87, 43, 44, 31, 30, 98, 76, 29, 61, 0, 10, 92, 18, 6, 83, 81, 66, 60, 7, 51, 24, 15, 68, 77, 82, 33, 99, 63, 48, 85, 97, 88, 58, 94, 23, 53, 38, 73, 28]
weights list(greater): [62, 19, 54, 34, 57, 86, 50, 49, 69, 79, 55, 21, 8, 89, 35, 74, 67, 52, 32, 12, 42, 64, 9, 13, 92, 70, 29, 2, 45, 65, 46, 76, 30, 22, 95, 37, 71, 16, 60, 78, 3, 4, 75, 27, 36, 51, 7, 14, 1, 56, 90, 72, 26, 83, 40, 31, 96, 25, 80, 61, 44, 47, 84, 39, 91, 20, 81, 10, 43, 24, 48, 0, 93, 41, 17, 11, 5, 98, 87, 6, 66, 18, 77, 33, 59, 63, 15, 82, 88, 73, 99, 58, 68, 94, 85, 97, 38, 53, 23, 28]
weights list(greater): [62, 19, 54, 79, 57, 86, 34, 67, 42, 8, 70, 64, 69, 29, 21, 52, 32, 49, 13, 55, 92, 37, 30, 78, 27, 44, 65, 10, 89, 47, 16, 3, 1, 50, 24, 9, 12, 4, 91, 2, 76, 95, 35, 72, 74, 39, 43, 45, 75, 71, 22, 83, 17, 56, 36, 14, 7, 20, 46, 90, 31, 25, 51, 48, 96, 26, 41, 0, 98, 93, 84, 61, 40, 81, 5, 80, 59, 11, 33, 66, 87, 63, 6, 99, 82, 18, 60, 88, 77, 68, 15, 58, 97, 85, 73, 94, 38, 23, 53, 28]
weights list(greater): [62, 19, 69, 54, 57, 67, 42, 64, 92, 34, 79, 32, 29, 55, 27, 72, 52, 8, 47, 37, 21, 16, 35, 86, 12, 39, 89, 44, 71, 1, 65, 95, 9, 24, 75, 3, 25, 13, 7, 50, 2, 70, 49, 10, 74, 78, 4, 43, 17, 76, 51, 45, 22, 26, 91, 14, 31, 93, 46, 90, 40, 36, 56, 84, 5, 30, 73, 96, 60, 41, 99, 87, 83, 61, 11, 66, 80, 59, 98, 81, 33, 20, 0, 18, 6, 88, 48, 63, 15, 85, 82, 77, 58, 97, 68, 94, 38, 53, 23, 28]
weights list(greater): [57, 54, 67, 19, 47, 62, 32, 29, 34, 42, 69, 52, 74, 86, 27, 37, 72, 49, 55, 50, 16, 35, 79, 25, 24, 12, 64, 21, 8, 65, 39, 75, 95, 70, 17, 13, 10, 2, 73, 71, 89, 44, 45, 43, 4, 3, 92, 14, 76, 60, 46, 78, 9, 90, 66, 7, 93, 84, 51, 91, 59, 22, 1, 80, 56, 36, 96, 26, 87, 98, 99, 11, 30, 41, 31, 88, 61, 0, 33, 40, 6, 20, 83, 48, 5, 85, 63, 81, 18, 77, 82, 97, 58, 15, 68, 94, 38, 53, 23, 28]
weights list(greater): [57, 62, 19, 54, 42, 67, 47, 29, 27, 32, 35, 69, 52, 72, 74, 86, 64, 34, 50, 25, 89, 79, 8, 16, 92, 60, 13, 65, 55, 37, 95, 12, 70, 24, 44, 59, 71, 75, 3, 2, 9, 21, 10, 7, 49, 84, 4, 43, 73, 1, 83, 78, 51, 90, 76, 56, 14, 46, 26, 66, 45, 48, 30, 96, 80, 61, 93, 17, 91, 36, 87, 41, 39, 31, 40, 22, 98, 6, 11, 99, 20, 5, 33, 0, 88, 81, 18, 77, 82, 63, 85, 58, 94, 68, 38, 97, 15, 53, 23, 28]
weights list(greater): [19, 57, 67, 62, 54, 35, 27, 42, 29, 60, 34, 92, 32, 79, 64, 52, 72, 55, 37, 86, 25, 69, 16, 50, 13, 2, 70, 48, 73, 47, 12, 89, 8, 9, 95, 1, 74, 24, 30, 44, 21, 75, 7, 83, 65, 59, 45, 71, 4, 43, 49, 98, 10, 84, 36, 78, 14, 40, 3, 76, 96, 61, 46, 51, 90, 87, 93, 26, 56, 17, 99, 41, 31, 11, 80, 22, 0, 5, 6, 91, 66, 33, 20, 18, 39, 81, 63, 88, 82, 85, 77, 68, 94, 15, 97, 58, 38, 53, 23, 28]
weights list(greater): [19, 57, 64, 25, 54, 62, 55, 42, 35, 32, 72, 34, 27, 79, 48, 67, 13, 16, 29, 89, 60, 86, 8, 73, 37, 65, 44, 52, 69, 2, 70, 59, 24, 47, 92, 50, 30, 95, 7, 21, 3, 74, 49, 17, 12, 45, 75, 1, 9, 4, 71, 14, 36, 10, 91, 22, 98, 78, 26, 87, 33, 96, 88, 41, 56, 83, 31, 99, 46, 39, 84, 93, 6, 0, 90, 80, 61, 40, 76, 51, 66, 11, 5, 20, 43, 94, 53, 63, 18, 82, 85, 68, 81, 15, 77, 38, 97, 58, 23, 28]
weights list(greater): [57, 19, 64, 55, 67, 54, 34, 25, 89, 27, 86, 62, 35, 69, 72, 42, 79, 16, 2, 44, 29, 13, 32, 52, 8, 12, 70, 60, 49, 48, 75, 24, 65, 83, 9, 22, 45, 74, 3, 7, 73, 71, 21, 1, 39, 17, 36, 4, 14, 33, 95, 10, 51, 78, 20, 30, 41, 96, 50, 47, 31, 90, 46, 76, 56, 91, 66, 98, 92, 53, 59, 61, 6, 80, 88, 11, 93, 87, 84, 40, 37, 0, 99, 26, 5, 18, 85, 94, 81, 43, 68, 63, 77, 97, 82, 38, 15, 58, 23, 28]
weights list(greater): [19, 67, 27, 62, 57, 34, 25, 35, 54, 55, 89, 70, 86, 64, 42, 29, 79, 72, 48, 92, 44, 60, 50, 49, 52, 69, 16, 83, 32, 74, 12, 8, 24, 13, 2, 75, 95, 45, 21, 37, 17, 65, 9, 1, 3, 39, 22, 59, 33, 78, 7, 71, 30, 10, 20, 14, 36, 46, 56, 51, 40, 47, 76, 4, 90, 96, 98, 93, 66, 5, 26, 80, 41, 99, 11, 31, 61, 0, 87, 6, 73, 84, 91, 88, 81, 43, 18, 53, 63, 94, 68, 85, 97, 82, 77, 38, 15, 58, 23, 28]
weights list(greater): [62, 67, 57, 27, 19, 25, 54, 35, 48, 72, 42, 50, 64, 69, 52, 86, 34, 49, 32, 8, 55, 37, 13, 70, 44, 16, 65, 74, 89, 75, 60, 29, 73, 1, 21, 30, 3, 2, 17, 45, 95, 47, 92, 79, 12, 59, 9, 7, 91, 4, 40, 14, 24, 36, 78, 71, 96, 10, 93, 87, 31, 84, 26, 51, 61, 90, 56, 80, 41, 66, 39, 98, 6, 22, 76, 88, 11, 46, 20, 18, 99, 33, 5, 0, 43, 83, 81, 53, 68, 82, 77, 94, 85, 63, 38, 97, 15, 58, 23, 28]
weights list(greater): [19, 67, 69, 35, 57, 25, 62, 64, 50, 34, 74, 55, 48, 29, 86, 72, 54, 42, 27, 70, 89, 60, 16, 75, 44, 32, 65, 13, 92, 30, 2, 49, 52, 12, 9, 8, 79, 47, 39, 71, 4, 45, 17, 1, 7, 36, 3, 10, 14, 37, 76, 78, 21, 73, 24, 91, 46, 95, 31, 56, 90, 51, 22, 6, 40, 61, 98, 84, 87, 93, 26, 20, 11, 0, 96, 41, 5, 66, 59, 80, 43, 99, 18, 88, 33, 83, 82, 81, 68, 53, 63, 77, 85, 94, 38, 58, 15, 97, 23, 28]
weights list(greater): [19, 67, 29, 27, 54, 89, 34, 70, 55, 72, 64, 25, 79, 86, 75, 42, 69, 44, 65, 35, 60, 57, 16, 92, 12, 2, 74, 62, 71, 13, 17, 48, 8, 73, 50, 30, 45, 52, 21, 7, 95, 3, 32, 46, 91, 10, 36, 24, 18, 76, 9, 4, 47, 90, 51, 37, 49, 1, 14, 84, 5, 31, 39, 98, 96, 53, 66, 87, 6, 26, 99, 61, 80, 20, 33, 88, 93, 40, 56, 59, 22, 0, 43, 41, 11, 83, 78, 68, 82, 85, 94, 63, 38, 81, 15, 77, 97, 58, 23, 28]
weights list(greater): [67, 64, 57, 19, 27, 55, 54, 34, 72, 62, 69, 75, 25, 35, 42, 79, 48, 86, 92, 8, 29, 32, 2, 60, 89, 16, 1, 70, 50, 44, 3, 49, 65, 13, 47, 74, 21, 17, 9, 7, 12, 39, 71, 45, 30, 52, 4, 40, 73, 10, 24, 51, 36, 46, 98, 95, 14, 90, 93, 56, 66, 80, 91, 96, 41, 26, 76, 31, 22, 78, 87, 84, 61, 11, 0, 18, 6, 33, 20, 5, 37, 99, 53, 88, 43, 83, 59, 82, 68, 81, 94, 85, 63, 77, 38, 15, 58, 97, 28, 23]
weights list(greater): [19, 67, 64, 25, 35, 29, 69, 57, 50, 55, 72, 75, 34, 49, 54, 62, 32, 79, 27, 48, 89, 44, 70, 86, 65, 52, 74, 16, 95, 42, 12, 1, 8, 2, 45, 92, 17, 24, 30, 13, 3, 47, 9, 18, 60, 39, 22, 37, 4, 10, 21, 71, 33, 36, 14, 7, 78, 51, 73, 76, 40, 56, 46, 96, 26, 20, 31, 93, 66, 41, 98, 90, 87, 6, 84, 5, 59, 88, 99, 11, 0, 80, 61, 91, 53, 68, 83, 81, 43, 82, 85, 94, 77, 15, 38, 63, 97, 58, 28, 23]
weights list(greater): [67, 19, 57, 35, 69, 64, 34, 72, 25, 27, 75, 29, 54, 55, 50, 65, 44, 89, 74, 70, 49, 79, 42, 16, 32, 86, 62, 73, 1, 8, 30, 12, 2, 13, 17, 3, 95, 7, 52, 45, 91, 60, 21, 71, 24, 22, 9, 10, 39, 40, 36, 14, 48, 51, 76, 18, 4, 46, 26, 98, 37, 84, 87, 96, 66, 92, 80, 93, 5, 41, 90, 59, 47, 11, 0, 61, 31, 53, 88, 33, 56, 6, 78, 82, 43, 15, 68, 85, 94, 20, 99, 83, 63, 77, 81, 38, 97, 58, 28, 23]
weights list(greater): [67, 64, 69, 57, 19, 86, 35, 27, 25, 34, 72, 32, 75, 55, 62, 65, 54, 49, 89, 48, 2, 29, 70, 74, 50, 39, 17, 12, 8, 45, 16, 79, 30, 13, 3, 42, 92, 7, 95, 40, 71, 44, 52, 22, 59, 9, 73, 26, 10, 76, 14, 24, 47, 1, 36, 56, 98, 4, 60, 51, 96, 80, 66, 46, 87, 90, 31, 41, 84, 11, 88, 93, 6, 91, 18, 61, 21, 5, 0, 33, 37, 53, 78, 99, 43, 68, 20, 81, 83, 15, 94, 63, 85, 77, 38, 82, 58, 97, 23, 28]
weights list(greater): [25, 67, 57, 35, 64, 72, 75, 55, 89, 27, 86, 54, 74, 19, 70, 79, 34, 2, 8, 29, 16, 50, 44, 69, 62, 92, 42, 65, 12, 48, 17, 3, 32, 30, 45, 9, 71, 39, 13, 40, 4, 24, 60, 7, 95, 49, 20, 10, 22, 36, 31, 14, 56, 51, 53, 73, 41, 21, 6, 76, 0, 91, 47, 5, 33, 26, 61, 46, 52, 18, 1, 66, 98, 90, 59, 88, 96, 80, 81, 93, 84, 87, 68, 82, 11, 99, 43, 83, 78, 15, 94, 63, 37, 77, 85, 38, 97, 58, 23, 28]
weights list(greater): [67, 64, 25, 74, 19, 69, 62, 35, 57, 34, 72, 89, 55, 42, 27, 54, 65, 75, 50, 49, 79, 70, 16, 13, 86, 8, 12, 39, 2, 3, 44, 45, 30, 60, 17, 92, 32, 10, 29, 71, 47, 40, 52, 1, 7, 9, 37, 36, 4, 21, 51, 98, 76, 48, 5, 22, 14, 84, 46, 90, 20, 95, 96, 26, 24, 0, 80, 87, 66, 56, 91, 93, 61, 31, 41, 18, 73, 59, 6, 33, 53, 88, 15, 82, 11, 78, 81, 94, 68, 99, 43, 77, 83, 85, 63, 38, 58, 97, 28, 23]
weights list(greater): [67, 19, 57, 64, 25, 27, 39, 75, 34, 35, 72, 89, 44, 79, 69, 86, 54, 48, 2, 55, 42, 62, 29, 74, 16, 50, 8, 13, 65, 92, 45, 12, 70, 24, 95, 1, 30, 17, 49, 3, 7, 10, 40, 51, 9, 71, 4, 36, 14, 76, 78, 87, 5, 32, 96, 46, 22, 93, 60, 61, 31, 21, 47, 90, 84, 53, 6, 98, 88, 26, 18, 52, 80, 56, 41, 0, 11, 91, 33, 66, 73, 59, 20, 15, 81, 68, 83, 77, 37, 43, 63, 99, 85, 94, 82, 38, 58, 97, 23, 28]
weights list(greater): [67, 25, 35, 64, 72, 19, 86, 57, 54, 75, 34, 89, 39, 69, 27, 44, 74, 55, 65, 70, 16, 29, 8, 49, 62, 42, 13, 30, 79, 3, 1, 95, 92, 12, 48, 2, 40, 60, 17, 45, 9, 78, 32, 7, 24, 71, 52, 50, 91, 22, 20, 10, 53, 26, 4, 66, 33, 56, 76, 5, 46, 0, 6, 51, 36, 80, 93, 14, 98, 59, 96, 47, 31, 21, 90, 11, 88, 87, 41, 18, 61, 73, 84, 99, 43, 68, 82, 85, 15, 83, 63, 81, 77, 94, 38, 37, 58, 97, 28, 23]
weights list(greater): [19, 67, 35, 25, 69, 27, 55, 50, 34, 72, 57, 75, 89, 54, 74, 64, 86, 39, 92, 8, 44, 49, 65, 2, 16, 3, 70, 29, 17, 12, 60, 79, 13, 45, 95, 42, 71, 9, 40, 53, 7, 76, 4, 1, 30, 10, 78, 26, 66, 51, 56, 32, 46, 5, 96, 14, 98, 59, 24, 21, 80, 48, 90, 0, 93, 20, 31, 62, 47, 6, 87, 22, 36, 41, 11, 61, 73, 91, 18, 84, 52, 88, 15, 82, 33, 94, 68, 99, 43, 37, 77, 81, 63, 85, 83, 58, 38, 97, 23, 28]
weights list(greater): [19, 67, 25, 35, 64, 72, 55, 34, 54, 39, 75, 69, 42, 50, 8, 74, 44, 89, 86, 13, 57, 30, 27, 79, 2, 65, 92, 3, 48, 1, 16, 17, 29, 49, 95, 70, 12, 59, 45, 40, 4, 24, 7, 26, 10, 76, 36, 51, 71, 9, 93, 60, 52, 14, 0, 80, 78, 96, 5, 47, 56, 21, 53, 62, 87, 90, 32, 31, 41, 98, 61, 6, 66, 46, 11, 18, 73, 84, 22, 20, 91, 33, 68, 88, 99, 63, 37, 77, 43, 82, 94, 15, 81, 85, 83, 38, 97, 58, 23, 28]
weights list(greater): [67, 64, 57, 19, 72, 25, 35, 29, 8, 69, 65, 34, 27, 42, 55, 75, 50, 89, 2, 92, 54, 13, 44, 39, 1, 86, 48, 3, 17, 52, 62, 79, 12, 16, 74, 30, 45, 71, 32, 7, 40, 49, 9, 4, 76, 70, 59, 60, 47, 26, 10, 93, 98, 66, 36, 0, 96, 5, 56, 51, 14, 46, 78, 6, 84, 21, 20, 31, 24, 80, 90, 61, 11, 41, 87, 95, 37, 91, 18, 53, 22, 73, 15, 68, 81, 83, 82, 88, 77, 43, 33, 99, 94, 63, 58, 85, 38, 23, 28, 97]
weights list(greater): [67, 69, 72, 57, 1, 64, 39, 19, 74, 3, 35, 48, 62, 50, 16, 13, 92, 86, 89, 17, 2, 8, 52, 30, 42, 12, 75, 34, 29, 54, 44, 70, 47, 25, 27, 65, 32, 71, 20, 9, 55, 7, 45, 21, 60, 79, 59, 76, 4, 36, 51, 40, 98, 93, 26, 87, 96, 5, 61, 53, 84, 46, 10, 78, 56, 0, 31, 90, 66, 14, 91, 80, 41, 11, 37, 6, 49, 15, 18, 81, 82, 22, 24, 73, 95, 83, 43, 88, 68, 33, 99, 77, 94, 63, 58, 85, 38, 23, 28, 97]
weights list(greater): [67, 39, 89, 69, 35, 48, 62, 19, 57, 72, 86, 64, 55, 2, 1, 27, 13, 25, 50, 8, 54, 29, 3, 34, 30, 79, 12, 92, 16, 74, 44, 17, 75, 42, 70, 4, 21, 36, 45, 71, 9, 7, 76, 65, 51, 93, 46, 14, 98, 31, 66, 96, 10, 56, 84, 87, 5, 61, 0, 80, 26, 49, 53, 90, 52, 40, 78, 11, 60, 47, 6, 41, 18, 32, 59, 20, 73, 91, 22, 37, 82, 81, 24, 95, 83, 68, 15, 43, 88, 33, 94, 99, 77, 63, 85, 58, 38, 28, 23, 97]
weights list(greater): [72, 67, 69, 19, 29, 1, 86, 34, 54, 39, 89, 57, 75, 35, 13, 8, 55, 79, 2, 92, 44, 25, 17, 64, 48, 12, 27, 50, 3, 62, 16, 30, 65, 49, 7, 74, 70, 71, 76, 18, 52, 36, 53, 10, 9, 21, 4, 98, 45, 46, 14, 87, 59, 26, 42, 51, 96, 93, 84, 66, 6, 61, 40, 90, 5, 0, 31, 80, 11, 20, 95, 56, 47, 41, 24, 32, 73, 78, 68, 60, 37, 81, 22, 88, 33, 82, 91, 15, 43, 77, 99, 94, 63, 83, 58, 85, 38, 23, 97, 28]
weights list(greater): [67, 57, 19, 69, 64, 39, 72, 86, 1, 25, 62, 50, 29, 75, 55, 13, 48, 54, 17, 89, 8, 16, 34, 3, 27, 2, 35, 44, 42, 65, 12, 74, 92, 49, 30, 52, 45, 9, 76, 70, 66, 59, 10, 40, 71, 7, 79, 53, 4, 98, 84, 32, 5, 46, 51, 36, 96, 21, 87, 93, 90, 14, 78, 6, 0, 26, 61, 31, 56, 20, 80, 18, 41, 60, 11, 91, 47, 81, 15, 73, 22, 37, 82, 95, 24, 83, 43, 68, 33, 99, 88, 94, 63, 77, 85, 58, 23, 28, 38, 97]
weights list(greater): [67, 19, 92, 50, 13, 72, 69, 89, 17, 29, 48, 8, 35, 86, 1, 64, 3, 12, 25, 2, 16, 57, 44, 74, 39, 71, 42, 54, 30, 60, 34, 21, 27, 55, 62, 70, 78, 79, 15, 75, 7, 51, 98, 53, 36, 91, 76, 56, 10, 49, 65, 90, 66, 84, 83, 46, 26, 59, 96, 9, 18, 31, 45, 87, 6, 41, 61, 0, 5, 93, 32, 14, 80, 4, 40, 11, 47, 82, 52, 81, 20, 37, 73, 95, 68, 94, 33, 88, 24, 22, 99, 43, 85, 77, 63, 58, 28, 38, 23, 97]
weights list(greater): [67, 39, 72, 17, 13, 64, 92, 69, 1, 35, 89, 12, 34, 8, 48, 2, 19, 50, 16, 30, 3, 54, 57, 53, 7, 29, 44, 71, 74, 70, 75, 98, 36, 76, 42, 46, 65, 9, 86, 21, 10, 51, 55, 52, 27, 93, 56, 84, 61, 25, 4, 66, 87, 49, 14, 26, 96, 80, 91, 40, 45, 31, 90, 0, 62, 59, 11, 6, 73, 41, 5, 15, 47, 18, 79, 32, 37, 60, 82, 78, 81, 20, 68, 95, 83, 24, 22, 88, 94, 33, 43, 99, 77, 85, 28, 58, 63, 23, 38, 97]
weights list(greater): [67, 64, 19, 72, 1, 50, 89, 74, 39, 69, 12, 92, 75, 13, 17, 35, 16, 30, 3, 8, 57, 29, 48, 2, 86, 71, 54, 55, 25, 34, 44, 79, 78, 36, 7, 76, 9, 60, 98, 59, 51, 53, 66, 81, 91, 10, 4, 15, 27, 70, 46, 20, 21, 45, 65, 31, 84, 73, 87, 93, 26, 56, 5, 6, 90, 14, 0, 61, 96, 83, 32, 80, 42, 40, 11, 52, 41, 18, 49, 37, 62, 82, 68, 95, 47, 22, 24, 43, 88, 33, 77, 94, 99, 85, 58, 63, 28, 23, 38, 97]
weights list(greater): [67, 72, 19, 69, 1, 64, 13, 17, 12, 50, 39, 89, 86, 34, 16, 55, 54, 3, 29, 27, 8, 2, 57, 30, 44, 75, 92, 25, 35, 7, 71, 70, 74, 48, 79, 36, 10, 73, 76, 4, 20, 46, 9, 65, 21, 26, 98, 66, 84, 49, 91, 52, 56, 53, 90, 31, 93, 51, 14, 61, 5, 15, 45, 6, 87, 59, 96, 62, 80, 41, 11, 0, 40, 60, 42, 32, 81, 18, 47, 78, 82, 37, 95, 24, 88, 22, 43, 33, 68, 83, 77, 99, 94, 85, 63, 58, 28, 23, 38, 97]
weights list(greater): [67, 89, 19, 13, 64, 17, 1, 72, 69, 39, 3, 29, 12, 55, 86, 8, 16, 92, 30, 74, 35, 34, 2, 50, 54, 7, 79, 60, 25, 75, 21, 57, 44, 71, 66, 46, 36, 76, 70, 65, 9, 15, 91, 98, 4, 93, 10, 45, 26, 51, 27, 84, 56, 59, 87, 61, 49, 73, 53, 18, 31, 48, 42, 96, 6, 14, 5, 20, 80, 0, 90, 52, 41, 40, 11, 82, 37, 32, 62, 47, 81, 78, 83, 95, 24, 68, 43, 88, 99, 77, 33, 94, 22, 85, 58, 28, 63, 38, 23, 97]
weights list(greater): [69, 72, 17, 67, 12, 64, 39, 34, 13, 1, 3, 74, 89, 7, 71, 19, 35, 2, 54, 92, 16, 27, 86, 8, 29, 98, 30, 50, 46, 52, 10, 76, 53, 36, 59, 55, 93, 65, 96, 66, 51, 20, 42, 70, 26, 79, 84, 61, 57, 56, 21, 80, 14, 9, 5, 31, 4, 18, 6, 73, 90, 87, 91, 45, 11, 41, 0, 40, 15, 49, 78, 60, 25, 75, 82, 44, 62, 48, 32, 37, 47, 81, 95, 22, 88, 99, 24, 43, 68, 77, 83, 94, 33, 58, 85, 63, 28, 38, 23, 97]
weights list(greater): [19, 92, 69, 89, 1, 67, 50, 72, 12, 64, 74, 13, 17, 7, 35, 34, 2, 39, 16, 55, 3, 15, 21, 30, 75, 59, 86, 78, 54, 53, 49, 29, 71, 60, 57, 76, 8, 79, 51, 42, 70, 52, 10, 98, 46, 91, 36, 48, 65, 18, 84, 66, 82, 93, 56, 45, 9, 37, 4, 44, 96, 20, 5, 25, 90, 26, 61, 31, 87, 6, 73, 14, 83, 81, 0, 11, 80, 27, 41, 40, 32, 62, 95, 47, 68, 24, 33, 22, 77, 88, 99, 43, 94, 85, 28, 58, 63, 38, 97, 23]
weights list(greater): [67, 89, 1, 69, 64, 74, 19, 12, 39, 72, 2, 92, 13, 17, 86, 50, 34, 60, 55, 29, 7, 35, 30, 98, 71, 16, 8, 75, 3, 49, 52, 44, 78, 91, 51, 21, 46, 76, 42, 59, 54, 66, 81, 25, 36, 84, 4, 15, 20, 79, 48, 70, 93, 61, 10, 26, 56, 96, 5, 9, 65, 83, 18, 41, 90, 87, 14, 45, 82, 6, 80, 31, 57, 73, 0, 11, 40, 62, 32, 27, 53, 37, 47, 24, 95, 33, 22, 68, 99, 43, 77, 88, 94, 58, 63, 85, 28, 38, 23, 97]
weights list(greater): [64, 89, 67, 12, 72, 50, 92, 17, 13, 55, 1, 74, 69, 19, 39, 7, 8, 16, 2, 60, 35, 75, 49, 30, 34, 3, 71, 21, 86, 52, 29, 54, 70, 91, 18, 98, 36, 25, 44, 81, 73, 66, 79, 51, 82, 76, 46, 10, 42, 78, 27, 56, 93, 15, 61, 9, 14, 48, 5, 84, 20, 4, 90, 96, 45, 26, 59, 87, 31, 83, 11, 57, 65, 6, 41, 0, 80, 40, 62, 32, 37, 53, 47, 24, 33, 95, 68, 88, 22, 77, 99, 43, 94, 85, 63, 58, 28, 23, 38, 97]
weights list(greater): [67, 19, 64, 72, 92, 1, 69, 2, 29, 89, 74, 16, 12, 39, 50, 44, 7, 17, 49, 78, 54, 55, 75, 98, 13, 86, 34, 35, 91, 48, 8, 76, 3, 71, 30, 46, 42, 51, 21, 52, 27, 79, 60, 66, 20, 81, 70, 59, 62, 4, 61, 82, 73, 18, 84, 36, 96, 25, 87, 9, 31, 83, 56, 37, 93, 5, 57, 10, 45, 90, 65, 26, 14, 6, 40, 41, 15, 80, 11, 0, 32, 53, 47, 99, 68, 22, 43, 88, 24, 77, 95, 33, 63, 94, 85, 58, 28, 38, 23, 97]
weights list(greater): [19, 12, 29, 74, 92, 72, 64, 69, 1, 67, 89, 35, 13, 55, 2, 44, 60, 17, 49, 50, 39, 8, 7, 75, 70, 86, 30, 34, 16, 51, 98, 91, 79, 48, 3, 54, 78, 71, 18, 81, 20, 52, 36, 25, 65, 46, 83, 42, 15, 76, 21, 10, 84, 93, 27, 66, 73, 4, 61, 59, 90, 9, 14, 56, 96, 40, 32, 26, 6, 31, 0, 82, 53, 5, 11, 87, 45, 41, 57, 80, 62, 37, 88, 47, 95, 22, 68, 99, 33, 24, 43, 77, 94, 58, 63, 28, 85, 23, 38, 97]
weights list(greater): [19, 64, 12, 74, 92, 89, 69, 13, 67, 72, 1, 39, 17, 50, 55, 83, 44, 2, 29, 75, 34, 48, 70, 49, 60, 35, 8, 7, 78, 15, 3, 71, 16, 21, 54, 30, 79, 51, 59, 20, 91, 25, 86, 81, 42, 98, 65, 76, 27, 36, 46, 82, 66, 96, 18, 56, 9, 10, 61, 26, 5, 90, 93, 31, 73, 52, 14, 40, 57, 84, 6, 80, 45, 87, 0, 4, 62, 41, 11, 37, 53, 32, 24, 95, 33, 47, 68, 43, 77, 88, 99, 22, 85, 28, 94, 63, 23, 58, 97, 38]
weights list(greater): [67, 64, 17, 1, 69, 19, 74, 13, 12, 55, 16, 72, 2, 50, 92, 89, 35, 44, 8, 29, 7, 83, 39, 54, 18, 75, 30, 60, 3, 20, 46, 34, 49, 76, 78, 98, 71, 21, 51, 48, 86, 15, 25, 56, 27, 81, 70, 79, 4, 66, 96, 36, 10, 42, 91, 59, 93, 9, 84, 26, 14, 52, 61, 65, 82, 90, 40, 73, 6, 45, 87, 31, 0, 41, 5, 11, 80, 57, 37, 32, 53, 62, 68, 47, 95, 33, 88, 24, 77, 43, 99, 22, 85, 58, 63, 94, 28, 23, 38, 97]
weights list(greater): [64, 92, 72, 19, 67, 55, 12, 74, 89, 13, 17, 49, 50, 29, 69, 2, 39, 44, 15, 30, 34, 1, 78, 16, 83, 60, 7, 25, 35, 8, 3, 75, 54, 70, 86, 71, 81, 48, 20, 98, 52, 91, 76, 79, 21, 73, 42, 10, 82, 18, 36, 56, 46, 27, 51, 9, 14, 93, 26, 96, 61, 66, 84, 40, 65, 31, 90, 59, 4, 41, 87, 6, 0, 5, 37, 45, 62, 80, 11, 57, 32, 95, 47, 53, 24, 68, 88, 43, 99, 33, 77, 22, 94, 85, 58, 28, 63, 23, 38, 97]
weights list(greater): [92, 72, 67, 64, 74, 19, 89, 12, 69, 39, 50, 29, 35, 15, 30, 2, 3, 60, 1, 13, 25, 17, 55, 49, 86, 48, 83, 78, 54, 8, 75, 16, 79, 44, 81, 7, 34, 70, 71, 91, 98, 73, 21, 51, 76, 59, 46, 66, 45, 82, 36, 9, 10, 4, 40, 26, 84, 56, 52, 27, 53, 93, 65, 96, 14, 90, 20, 87, 5, 0, 61, 42, 41, 31, 57, 37, 6, 62, 11, 80, 47, 32, 95, 99, 43, 33, 68, 77, 88, 18, 24, 22, 63, 85, 58, 94, 28, 23, 38, 97]
weights list(greater): [64, 72, 89, 67, 92, 69, 12, 13, 1, 50, 17, 74, 49, 19, 55, 48, 83, 30, 60, 8, 29, 2, 44, 86, 15, 3, 7, 25, 91, 35, 78, 16, 54, 73, 71, 75, 39, 46, 34, 79, 21, 81, 70, 27, 98, 51, 36, 76, 52, 53, 20, 65, 10, 9, 42, 66, 40, 56, 26, 84, 4, 93, 14, 5, 90, 31, 59, 87, 96, 61, 82, 6, 41, 0, 32, 45, 11, 80, 68, 57, 62, 37, 95, 47, 33, 18, 43, 88, 99, 77, 24, 22, 94, 85, 63, 58, 28, 38, 23, 97]
weights list(greater): [67, 64, 72, 69, 92, 19, 74, 60, 25, 29, 86, 12, 2, 89, 49, 3, 78, 75, 48, 83, 50, 35, 1, 44, 17, 55, 34, 16, 39, 15, 54, 8, 13, 79, 81, 70, 98, 46, 30, 45, 21, 76, 7, 71, 4, 52, 51, 82, 10, 42, 9, 59, 65, 27, 14, 73, 26, 40, 20, 5, 93, 90, 91, 31, 96, 0, 66, 87, 36, 61, 41, 56, 84, 62, 53, 80, 37, 6, 11, 57, 32, 68, 33, 18, 24, 88, 99, 47, 95, 77, 22, 43, 94, 63, 85, 58, 28, 38, 23, 97]
weights list(greater): [67, 72, 64, 92, 12, 69, 50, 89, 19, 74, 48, 13, 17, 49, 1, 29, 44, 25, 60, 2, 78, 55, 8, 34, 15, 35, 70, 39, 30, 52, 86, 21, 54, 83, 75, 79, 81, 7, 16, 71, 20, 98, 27, 73, 3, 42, 82, 59, 65, 76, 51, 36, 9, 53, 56, 10, 66, 91, 61, 46, 4, 5, 26, 45, 14, 93, 40, 96, 37, 0, 62, 90, 31, 87, 6, 84, 11, 57, 80, 41, 32, 95, 77, 33, 99, 88, 24, 18, 47, 22, 68, 43, 94, 85, 63, 58, 28, 23, 38, 97]
weights list(greater): [67, 64, 19, 92, 72, 55, 50, 74, 29, 89, 49, 69, 48, 13, 60, 34, 1, 44, 78, 17, 35, 25, 79, 12, 15, 86, 83, 8, 54, 42, 75, 30, 52, 81, 2, 7, 20, 27, 39, 65, 16, 3, 73, 91, 59, 98, 21, 71, 51, 76, 40, 0, 70, 10, 56, 46, 96, 36, 45, 26, 57, 93, 66, 4, 14, 9, 87, 84, 32, 37, 5, 90, 6, 82, 31, 61, 80, 41, 11, 62, 43, 53, 99, 88, 95, 24, 68, 33, 47, 77, 18, 22, 63, 58, 85, 94, 28, 38, 23, 97]
weights list(greater): [19, 64, 69, 1, 50, 67, 72, 92, 86, 39, 35, 17, 12, 89, 13, 55, 74, 25, 34, 79, 60, 48, 49, 44, 78, 29, 2, 30, 73, 75, 3, 52, 8, 21, 54, 15, 70, 83, 20, 16, 46, 65, 42, 81, 71, 98, 7, 59, 51, 27, 82, 36, 91, 45, 66, 9, 5, 40, 76, 56, 10, 4, 84, 93, 26, 14, 0, 61, 96, 57, 6, 80, 90, 87, 53, 31, 41, 37, 88, 11, 62, 47, 32, 33, 18, 22, 68, 77, 24, 99, 95, 63, 43, 58, 94, 85, 28, 38, 23, 97]
weights list(greater): [64, 19, 55, 69, 72, 92, 48, 2, 89, 50, 29, 60, 49, 74, 67, 35, 78, 44, 13, 86, 1, 34, 75, 12, 42, 79, 25, 17, 83, 8, 39, 30, 15, 54, 81, 52, 3, 70, 27, 16, 21, 7, 20, 73, 5, 98, 65, 71, 46, 10, 91, 82, 4, 9, 45, 53, 76, 36, 40, 96, 51, 66, 26, 84, 93, 57, 37, 59, 56, 14, 90, 11, 31, 0, 61, 87, 41, 6, 33, 80, 32, 62, 24, 47, 68, 99, 95, 18, 77, 88, 22, 43, 63, 58, 94, 85, 28, 38, 23, 97]
weights list(greater): [19, 64, 92, 2, 35, 67, 55, 49, 50, 74, 60, 89, 25, 75, 86, 1, 44, 29, 78, 39, 72, 48, 17, 42, 12, 83, 69, 79, 13, 34, 15, 20, 73, 52, 8, 70, 30, 3, 65, 9, 81, 16, 98, 51, 21, 45, 40, 54, 7, 76, 59, 10, 84, 46, 53, 27, 36, 91, 82, 71, 4, 66, 56, 31, 5, 87, 6, 57, 26, 90, 96, 14, 93, 11, 80, 37, 41, 95, 0, 32, 62, 61, 77, 88, 33, 24, 99, 68, 47, 43, 18, 22, 94, 63, 85, 58, 38, 28, 23, 97]
weights list(greater): [64, 67, 72, 69, 92, 19, 89, 49, 60, 35, 13, 55, 1, 75, 25, 50, 30, 8, 39, 79, 74, 86, 48, 34, 44, 2, 29, 15, 78, 73, 20, 70, 52, 21, 12, 27, 42, 7, 83, 17, 3, 16, 46, 98, 54, 10, 51, 65, 9, 71, 4, 40, 56, 36, 37, 76, 81, 57, 45, 91, 26, 62, 14, 66, 32, 5, 0, 31, 93, 61, 84, 80, 96, 6, 59, 47, 87, 88, 82, 90, 11, 68, 41, 95, 18, 53, 33, 77, 24, 43, 22, 99, 85, 58, 94, 63, 38, 28, 23, 97]
weights list(greater): [64, 50, 86, 19, 49, 60, 69, 48, 55, 92, 74, 72, 79, 1, 17, 29, 67, 44, 34, 89, 13, 25, 2, 52, 78, 83, 30, 75, 20, 12, 15, 81, 8, 39, 70, 35, 3, 73, 21, 46, 54, 16, 59, 65, 27, 42, 98, 9, 7, 71, 4, 51, 10, 45, 76, 53, 91, 40, 36, 5, 66, 0, 37, 56, 57, 14, 26, 90, 31, 82, 84, 96, 61, 93, 87, 32, 68, 80, 41, 6, 11, 62, 77, 88, 33, 24, 95, 18, 99, 47, 22, 43, 58, 63, 94, 38, 85, 28, 97, 23]
weights list(greater): [19, 64, 50, 48, 1, 67, 79, 29, 35, 55, 92, 60, 75, 89, 74, 69, 13, 49, 39, 86, 72, 25, 78, 30, 34, 44, 8, 52, 2, 42, 20, 21, 17, 70, 12, 3, 15, 83, 16, 65, 46, 54, 27, 73, 57, 71, 81, 7, 45, 91, 9, 76, 40, 37, 10, 56, 98, 4, 32, 66, 51, 36, 59, 53, 5, 26, 62, 14, 84, 0, 93, 68, 80, 96, 82, 47, 31, 90, 6, 61, 87, 99, 41, 88, 18, 33, 11, 95, 24, 77, 43, 22, 85, 94, 58, 63, 38, 23, 28, 97]
weights list(greater): [64, 19, 48, 67, 50, 1, 89, 55, 34, 35, 25, 49, 69, 86, 74, 75, 29, 44, 92, 13, 30, 8, 39, 79, 60, 52, 12, 72, 78, 2, 15, 42, 3, 81, 70, 16, 17, 21, 54, 73, 20, 83, 27, 46, 71, 59, 65, 45, 76, 91, 10, 7, 9, 98, 36, 51, 4, 66, 62, 37, 40, 57, 5, 82, 93, 56, 53, 26, 14, 96, 84, 0, 61, 31, 90, 6, 33, 80, 22, 87, 32, 41, 11, 47, 77, 68, 24, 88, 18, 99, 43, 95, 94, 58, 85, 63, 28, 38, 23, 97]
weights list(greater): [19, 64, 50, 55, 69, 74, 89, 67, 86, 48, 60, 72, 79, 92, 49, 25, 1, 34, 35, 13, 29, 75, 44, 20, 2, 8, 39, 52, 42, 54, 30, 12, 78, 15, 65, 27, 70, 3, 7, 17, 73, 21, 59, 16, 83, 37, 81, 91, 71, 53, 40, 46, 98, 10, 51, 57, 45, 9, 4, 36, 62, 32, 56, 76, 14, 5, 26, 33, 66, 0, 84, 93, 96, 61, 31, 87, 6, 90, 95, 11, 82, 80, 24, 41, 47, 99, 43, 88, 77, 68, 18, 22, 85, 63, 94, 58, 38, 28, 23, 97]
weights list(greater): [19, 64, 48, 89, 50, 74, 92, 60, 49, 13, 79, 67, 72, 29, 34, 25, 1, 8, 69, 20, 2, 86, 35, 44, 39, 55, 30, 12, 52, 42, 54, 3, 78, 75, 15, 21, 73, 16, 17, 65, 91, 7, 57, 70, 81, 46, 71, 83, 59, 10, 51, 98, 9, 76, 40, 27, 4, 45, 36, 56, 5, 66, 37, 14, 62, 53, 93, 61, 0, 90, 26, 96, 84, 32, 33, 47, 31, 82, 87, 41, 6, 68, 80, 11, 18, 77, 95, 99, 88, 24, 43, 22, 85, 63, 94, 58, 38, 28, 23, 97]
weights list(greater): [64, 19, 89, 48, 50, 55, 92, 74, 49, 67, 72, 1, 60, 69, 25, 44, 78, 75, 29, 30, 13, 15, 2, 35, 20, 34, 8, 86, 79, 39, 16, 12, 54, 3, 81, 83, 65, 21, 17, 70, 71, 42, 37, 59, 27, 7, 73, 57, 52, 9, 46, 51, 53, 98, 10, 56, 45, 82, 40, 4, 91, 76, 36, 88, 26, 32, 66, 14, 95, 5, 0, 84, 96, 93, 6, 80, 62, 87, 31, 90, 61, 68, 47, 11, 41, 33, 99, 77, 24, 43, 18, 22, 63, 58, 85, 94, 38, 28, 23, 97]
weights list(greater): [64, 19, 48, 89, 69, 35, 92, 50, 86, 1, 67, 74, 60, 29, 49, 44, 78, 8, 13, 55, 72, 25, 20, 79, 15, 2, 75, 34, 12, 30, 3, 70, 16, 54, 39, 17, 21, 52, 83, 65, 42, 27, 73, 71, 57, 7, 51, 46, 37, 81, 91, 98, 76, 9, 66, 10, 40, 45, 59, 4, 5, 36, 56, 32, 62, 26, 14, 84, 93, 47, 0, 24, 87, 33, 80, 31, 90, 6, 18, 61, 43, 95, 82, 96, 53, 68, 41, 11, 77, 99, 88, 22, 94, 85, 63, 58, 38, 28, 97, 23]
weights list(greater): [19, 48, 64, 67, 50, 72, 92, 89, 1, 13, 25, 69, 74, 55, 35, 49, 29, 8, 86, 60, 79, 73, 54, 34, 12, 75, 30, 15, 78, 3, 2, 44, 16, 20, 21, 27, 17, 70, 39, 65, 46, 83, 52, 71, 59, 91, 51, 42, 53, 7, 10, 57, 98, 9, 36, 76, 4, 82, 81, 45, 56, 40, 66, 26, 14, 5, 0, 32, 37, 88, 90, 24, 62, 33, 84, 47, 99, 6, 61, 96, 31, 93, 80, 87, 77, 11, 68, 41, 18, 95, 43, 85, 22, 63, 58, 94, 28, 38, 97, 23]
weights list(greater): [19, 48, 64, 55, 50, 89, 72, 1, 49, 60, 25, 29, 69, 34, 92, 74, 78, 86, 8, 44, 67, 79, 30, 54, 35, 75, 15, 13, 2, 3, 16, 20, 83, 52, 12, 21, 27, 39, 91, 17, 65, 70, 9, 37, 71, 81, 7, 42, 73, 45, 46, 76, 4, 98, 51, 10, 57, 32, 40, 62, 59, 68, 36, 47, 26, 66, 82, 14, 93, 56, 88, 0, 5, 90, 96, 33, 95, 53, 84, 87, 6, 31, 24, 99, 61, 41, 80, 11, 77, 43, 22, 18, 58, 63, 94, 85, 38, 28, 23, 97]
weights list(greater): [48, 64, 19, 50, 89, 35, 1, 49, 60, 72, 29, 44, 92, 55, 74, 69, 67, 34, 78, 75, 86, 15, 79, 13, 25, 30, 39, 2, 54, 16, 12, 3, 17, 8, 27, 70, 21, 52, 20, 42, 57, 46, 73, 37, 83, 65, 81, 98, 10, 51, 36, 4, 76, 62, 33, 5, 45, 71, 66, 9, 59, 47, 82, 7, 0, 14, 91, 53, 96, 26, 40, 32, 31, 56, 68, 6, 88, 80, 90, 61, 11, 41, 77, 93, 84, 95, 87, 99, 18, 43, 24, 22, 63, 58, 94, 85, 97, 38, 28, 23]
weights list(greater): [19, 64, 48, 89, 67, 34, 44, 50, 92, 86, 25, 74, 1, 60, 79, 2, 78, 69, 54, 49, 35, 29, 55, 30, 13, 75, 15, 20, 65, 72, 8, 27, 12, 17, 70, 16, 21, 3, 39, 42, 52, 73, 71, 45, 46, 91, 7, 83, 51, 59, 57, 37, 81, 9, 56, 98, 32, 36, 40, 10, 26, 76, 4, 62, 5, 66, 53, 14, 99, 84, 88, 95, 90, 33, 0, 47, 87, 31, 96, 93, 61, 80, 6, 24, 68, 41, 77, 11, 43, 82, 18, 22, 85, 63, 94, 58, 28, 38, 97, 23]
weights list(greater): [19, 48, 25, 64, 35, 50, 1, 69, 89, 67, 79, 92, 72, 55, 30, 74, 49, 13, 44, 8, 60, 86, 27, 29, 34, 78, 75, 15, 12, 54, 2, 20, 65, 3, 17, 16, 39, 21, 52, 46, 70, 37, 91, 57, 73, 71, 7, 53, 83, 51, 81, 42, 45, 59, 10, 98, 9, 76, 56, 36, 66, 4, 32, 40, 47, 5, 26, 82, 62, 0, 84, 33, 93, 96, 95, 18, 68, 14, 80, 6, 90, 88, 61, 31, 87, 41, 11, 77, 99, 24, 43, 22, 85, 94, 63, 58, 38, 28, 97, 23]
weights list(greater): [19, 25, 64, 89, 67, 48, 50, 1, 69, 35, 92, 55, 29, 49, 44, 60, 13, 86, 34, 75, 79, 30, 39, 72, 78, 74, 8, 20, 54, 16, 2, 27, 3, 21, 42, 70, 65, 52, 17, 15, 12, 37, 57, 46, 59, 71, 45, 81, 98, 83, 7, 51, 73, 9, 91, 4, 47, 76, 66, 62, 40, 10, 32, 5, 36, 82, 14, 56, 88, 33, 26, 77, 53, 95, 0, 93, 96, 84, 6, 87, 31, 61, 90, 99, 68, 43, 80, 11, 41, 24, 18, 22, 94, 63, 85, 58, 38, 28, 97, 23]
weights list(greater): [19, 64, 48, 89, 55, 35, 1, 69, 49, 50, 29, 67, 34, 86, 13, 74, 79, 25, 60, 30, 72, 92, 44, 20, 78, 2, 75, 8, 39, 12, 15, 16, 27, 3, 54, 65, 21, 70, 17, 42, 46, 57, 83, 81, 32, 37, 71, 52, 7, 51, 98, 9, 45, 4, 59, 40, 76, 10, 47, 91, 36, 53, 56, 5, 82, 62, 66, 33, 95, 73, 0, 93, 14, 26, 84, 90, 77, 68, 80, 88, 43, 6, 96, 31, 61, 24, 41, 99, 87, 11, 18, 22, 63, 58, 38, 85, 94, 28, 23, 97]
weights list(greater): [19, 64, 48, 50, 89, 1, 74, 55, 69, 75, 29, 25, 49, 60, 35, 72, 79, 34, 86, 20, 92, 44, 2, 78, 13, 15, 12, 8, 67, 30, 54, 65, 3, 17, 21, 39, 81, 42, 70, 83, 16, 7, 57, 52, 91, 46, 71, 27, 37, 32, 9, 51, 59, 98, 53, 10, 76, 36, 40, 95, 73, 47, 33, 4, 99, 82, 45, 26, 24, 5, 62, 56, 93, 88, 0, 66, 14, 77, 96, 87, 6, 84, 41, 80, 31, 61, 90, 68, 11, 18, 43, 22, 63, 94, 85, 58, 38, 28, 97, 23]
weights list(greater): [19, 64, 89, 35, 48, 50, 1, 67, 34, 29, 44, 25, 69, 13, 75, 79, 49, 92, 72, 55, 74, 30, 8, 20, 86, 60, 27, 12, 78, 54, 2, 39, 16, 57, 3, 15, 65, 59, 70, 52, 17, 46, 42, 21, 73, 81, 71, 9, 91, 7, 32, 10, 37, 51, 45, 83, 47, 53, 33, 98, 36, 40, 4, 76, 95, 62, 5, 68, 88, 26, 66, 77, 56, 99, 14, 0, 96, 82, 93, 31, 87, 61, 6, 90, 84, 11, 80, 41, 22, 24, 43, 18, 63, 58, 85, 38, 94, 28, 97, 23]
weights list(greater): [48, 19, 64, 89, 50, 1, 35, 34, 86, 75, 29, 44, 13, 67, 69, 60, 25, 49, 55, 74, 20, 92, 79, 72, 2, 8, 78, 12, 70, 30, 15, 16, 81, 39, 54, 3, 21, 65, 27, 37, 73, 42, 83, 53, 17, 45, 52, 71, 46, 9, 7, 91, 82, 10, 98, 57, 51, 4, 36, 56, 33, 76, 32, 5, 47, 40, 99, 66, 26, 95, 77, 59, 93, 62, 68, 24, 0, 90, 14, 84, 96, 61, 87, 31, 80, 43, 6, 88, 11, 22, 41, 18, 58, 63, 85, 38, 94, 28, 97, 23]
weights list(greater): [19, 64, 1, 89, 67, 25, 50, 35, 69, 55, 72, 48, 79, 75, 44, 29, 86, 60, 30, 49, 92, 20, 74, 8, 34, 13, 78, 2, 16, 65, 15, 39, 52, 12, 3, 21, 27, 83, 81, 46, 54, 32, 70, 37, 71, 9, 42, 17, 59, 7, 57, 51, 91, 45, 62, 4, 10, 98, 36, 76, 40, 56, 53, 73, 33, 77, 95, 66, 47, 14, 26, 5, 0, 88, 68, 82, 84, 93, 96, 31, 87, 43, 90, 6, 99, 11, 61, 80, 22, 24, 41, 18, 63, 58, 85, 94, 38, 28, 97, 23]
weights list(greater): [19, 48, 64, 1, 89, 75, 55, 50, 69, 44, 86, 25, 79, 35, 29, 74, 34, 20, 49, 60, 13, 67, 92, 30, 72, 27, 2, 78, 12, 42, 8, 39, 59, 54, 70, 16, 3, 21, 46, 52, 15, 65, 17, 81, 37, 57, 83, 73, 71, 9, 33, 45, 53, 91, 7, 10, 98, 76, 4, 32, 36, 51, 66, 5, 99, 47, 40, 68, 77, 88, 26, 95, 14, 0, 56, 62, 80, 93, 87, 90, 31, 84, 82, 96, 24, 6, 22, 61, 41, 11, 18, 43, 63, 58, 38, 85, 94, 97, 28, 23]
weights list(greater): [48, 64, 89, 67, 19, 1, 50, 75, 79, 60, 69, 34, 13, 55, 72, 29, 44, 25, 35, 49, 20, 92, 30, 86, 39, 52, 74, 78, 12, 2, 16, 3, 54, 8, 70, 27, 65, 46, 59, 17, 21, 15, 37, 42, 83, 91, 57, 71, 32, 7, 9, 51, 98, 81, 76, 45, 10, 66, 4, 77, 47, 53, 33, 73, 36, 88, 82, 56, 40, 5, 26, 0, 68, 95, 90, 14, 93, 96, 84, 24, 62, 99, 61, 6, 80, 43, 31, 87, 41, 11, 18, 22, 63, 85, 94, 58, 28, 38, 97, 23]
weights list(greater): [48, 89, 64, 69, 1, 50, 19, 55, 79, 92, 25, 13, 75, 35, 29, 44, 72, 49, 60, 20, 86, 30, 74, 34, 2, 52, 78, 39, 3, 16, 8, 12, 65, 46, 21, 67, 54, 70, 15, 27, 37, 57, 81, 17, 42, 71, 91, 59, 9, 51, 45, 32, 98, 4, 73, 10, 7, 83, 36, 66, 76, 53, 40, 47, 62, 5, 82, 56, 33, 95, 0, 26, 68, 77, 93, 14, 84, 96, 88, 80, 90, 43, 6, 99, 87, 31, 24, 61, 11, 41, 18, 22, 63, 58, 85, 94, 28, 38, 23, 97]
weights list(greater): [19, 48, 1, 89, 64, 50, 69, 72, 35, 29, 55, 25, 44, 20, 75, 92, 13, 86, 30, 78, 34, 74, 79, 60, 16, 39, 52, 2, 49, 8, 12, 3, 27, 67, 15, 46, 21, 54, 70, 17, 37, 57, 71, 91, 65, 83, 73, 59, 7, 9, 81, 51, 10, 32, 42, 76, 98, 4, 53, 45, 33, 47, 66, 36, 56, 88, 62, 40, 5, 77, 93, 95, 0, 90, 84, 14, 26, 24, 99, 96, 68, 82, 43, 31, 6, 87, 61, 80, 18, 11, 41, 22, 58, 63, 85, 94, 38, 28, 97, 23]
weights list(greater): [64, 48, 89, 19, 55, 50, 1, 44, 72, 29, 92, 60, 13, 69, 30, 25, 20, 35, 34, 49, 75, 79, 74, 86, 67, 2, 8, 12, 78, 3, 39, 70, 52, 16, 21, 54, 59, 65, 17, 15, 27, 46, 37, 42, 91, 81, 71, 73, 7, 33, 57, 83, 10, 32, 9, 98, 53, 95, 36, 51, 82, 56, 88, 66, 4, 40, 26, 14, 77, 76, 5, 45, 0, 99, 47, 90, 24, 18, 62, 93, 96, 84, 87, 6, 61, 68, 31, 80, 11, 41, 43, 22, 85, 94, 63, 58, 28, 97, 38, 23]
weights list(greater): [64, 48, 55, 1, 19, 35, 72, 89, 44, 50, 25, 29, 13, 69, 60, 92, 34, 49, 20, 67, 75, 74, 86, 52, 79, 30, 8, 2, 3, 21, 12, 70, 16, 17, 15, 39, 54, 37, 46, 78, 65, 57, 81, 32, 91, 83, 7, 59, 71, 33, 9, 27, 51, 73, 42, 98, 10, 47, 62, 76, 82, 53, 45, 56, 36, 4, 66, 95, 88, 99, 40, 5, 26, 14, 77, 24, 68, 43, 0, 31, 96, 93, 87, 90, 84, 61, 6, 80, 11, 41, 18, 22, 63, 85, 38, 94, 58, 28, 97, 23]
weights list(greater): [64, 48, 89, 19, 25, 1, 55, 50, 29, 34, 35, 72, 44, 92, 69, 60, 13, 49, 78, 79, 2, 75, 74, 8, 30, 86, 20, 67, 39, 52, 15, 16, 3, 12, 27, 54, 65, 17, 21, 70, 46, 59, 81, 91, 57, 51, 53, 71, 45, 7, 83, 9, 37, 33, 98, 32, 73, 10, 4, 76, 66, 47, 40, 36, 5, 62, 26, 82, 99, 56, 68, 42, 88, 93, 95, 14, 77, 0, 96, 84, 22, 90, 87, 24, 61, 43, 31, 80, 6, 18, 41, 11, 63, 58, 85, 38, 28, 94, 97, 23]
weights list(greater): [19, 1, 48, 64, 89, 25, 50, 69, 34, 55, 72, 75, 13, 8, 35, 67, 49, 44, 79, 29, 20, 74, 60, 2, 92, 78, 86, 39, 3, 30, 21, 54, 52, 16, 12, 27, 17, 15, 46, 70, 37, 71, 81, 65, 51, 57, 59, 33, 77, 9, 7, 53, 73, 83, 98, 76, 10, 91, 47, 36, 68, 42, 56, 45, 88, 4, 32, 62, 40, 66, 26, 0, 5, 93, 95, 14, 96, 82, 84, 18, 61, 31, 87, 6, 90, 80, 43, 99, 24, 41, 11, 22, 85, 63, 58, 38, 94, 28, 97, 23]
weights list(greater): [19, 89, 48, 64, 1, 50, 29, 55, 86, 75, 25, 35, 13, 44, 20, 69, 60, 34, 79, 72, 92, 49, 8, 78, 39, 30, 2, 67, 12, 52, 3, 15, 16, 54, 74, 70, 21, 81, 17, 59, 91, 27, 46, 65, 71, 83, 9, 57, 45, 42, 7, 73, 37, 76, 33, 10, 32, 98, 62, 51, 56, 88, 66, 47, 36, 40, 95, 26, 99, 53, 4, 5, 82, 14, 93, 0, 24, 43, 31, 61, 90, 18, 6, 84, 22, 87, 96, 77, 68, 80, 11, 41, 63, 58, 94, 85, 38, 28, 97, 23]
weights list(greater): [48, 89, 64, 19, 1, 69, 55, 50, 13, 92, 75, 49, 72, 25, 35, 34, 29, 79, 44, 20, 16, 86, 30, 74, 8, 2, 78, 60, 67, 3, 15, 12, 39, 27, 54, 46, 21, 52, 81, 71, 37, 51, 17, 57, 65, 70, 7, 9, 45, 42, 91, 32, 98, 59, 62, 4, 33, 76, 83, 95, 88, 53, 73, 56, 10, 66, 36, 82, 40, 26, 77, 99, 14, 47, 24, 5, 84, 68, 93, 0, 90, 43, 96, 87, 6, 31, 80, 61, 41, 11, 18, 22, 58, 85, 63, 38, 94, 28, 97, 23]
weights list(greater): [19, 89, 64, 1, 69, 48, 72, 50, 29, 75, 92, 44, 35, 25, 55, 86, 13, 49, 79, 60, 34, 74, 30, 8, 20, 2, 78, 39, 52, 16, 3, 15, 27, 12, 21, 46, 70, 54, 17, 67, 59, 57, 83, 65, 91, 71, 33, 81, 51, 37, 73, 4, 7, 45, 76, 47, 32, 9, 98, 56, 36, 95, 10, 53, 62, 42, 66, 77, 68, 26, 40, 5, 88, 99, 82, 93, 43, 0, 14, 90, 84, 6, 87, 96, 24, 61, 80, 31, 41, 11, 22, 18, 85, 63, 58, 38, 94, 28, 97, 23]
weights list(greater): [19, 48, 89, 55, 64, 50, 69, 1, 72, 44, 75, 29, 86, 79, 35, 13, 20, 92, 25, 52, 74, 34, 8, 30, 49, 78, 2, 60, 67, 15, 16, 39, 12, 27, 3, 81, 37, 46, 57, 21, 65, 17, 54, 70, 32, 91, 71, 83, 59, 42, 51, 33, 7, 9, 76, 98, 77, 62, 73, 10, 4, 95, 45, 47, 53, 56, 40, 36, 66, 5, 26, 0, 14, 88, 84, 93, 99, 68, 96, 87, 90, 31, 24, 6, 82, 80, 61, 43, 11, 41, 22, 18, 63, 85, 58, 38, 94, 28, 23, 97]
weights list(greater): [55, 35, 89, 48, 64, 69, 1, 19, 72, 25, 50, 75, 79, 29, 44, 86, 74, 78, 8, 92, 49, 34, 20, 13, 60, 30, 12, 52, 3, 67, 2, 54, 39, 70, 46, 16, 21, 15, 57, 17, 65, 59, 27, 83, 91, 81, 33, 71, 51, 7, 37, 47, 4, 9, 73, 98, 45, 95, 42, 10, 77, 53, 56, 62, 76, 88, 40, 36, 32, 26, 5, 99, 68, 66, 96, 90, 0, 14, 84, 93, 31, 82, 87, 61, 80, 6, 43, 11, 41, 24, 18, 22, 58, 63, 85, 94, 38, 97, 28, 23]
weights list(greater): [48, 89, 64, 19, 50, 69, 72, 1, 44, 55, 25, 29, 35, 92, 8, 75, 74, 13, 49, 60, 20, 78, 30, 34, 3, 86, 79, 67, 16, 15, 52, 70, 2, 54, 39, 12, 21, 27, 37, 57, 83, 46, 65, 71, 17, 51, 59, 81, 91, 32, 9, 7, 98, 42, 10, 73, 4, 47, 45, 76, 95, 40, 33, 56, 36, 66, 26, 99, 62, 53, 88, 5, 68, 0, 14, 93, 77, 82, 84, 90, 6, 80, 43, 61, 96, 18, 31, 87, 41, 11, 24, 22, 94, 63, 58, 85, 38, 28, 97, 23]
weights list(greater): [48, 19, 89, 64, 1, 55, 69, 92, 50, 29, 79, 34, 25, 35, 75, 13, 44, 20, 72, 30, 74, 86, 2, 8, 60, 78, 49, 16, 3, 52, 39, 12, 54, 57, 70, 17, 15, 27, 46, 67, 21, 59, 65, 81, 71, 7, 37, 53, 91, 33, 9, 10, 73, 51, 95, 62, 42, 83, 32, 45, 47, 98, 4, 88, 77, 76, 36, 66, 56, 40, 26, 43, 5, 82, 14, 24, 99, 0, 93, 68, 84, 90, 61, 96, 87, 6, 31, 80, 11, 41, 22, 18, 63, 38, 58, 85, 28, 94, 97, 23]
weights list(greater): [19, 55, 64, 89, 48, 1, 69, 29, 25, 92, 20, 50, 44, 72, 74, 30, 8, 79, 34, 75, 13, 60, 35, 49, 86, 67, 12, 52, 3, 16, 21, 54, 2, 78, 39, 70, 17, 59, 42, 15, 65, 32, 91, 27, 83, 71, 37, 73, 46, 57, 81, 7, 10, 51, 45, 53, 33, 9, 82, 4, 98, 95, 88, 76, 62, 56, 77, 66, 68, 43, 36, 26, 40, 47, 99, 5, 14, 0, 93, 84, 90, 96, 80, 6, 61, 24, 31, 87, 11, 41, 22, 18, 63, 38, 58, 85, 94, 28, 97, 23]
weights list(greater): [48, 19, 64, 89, 1, 50, 25, 44, 13, 34, 55, 69, 92, 20, 35, 72, 74, 49, 29, 79, 75, 86, 12, 30, 2, 3, 8, 78, 52, 46, 17, 16, 67, 39, 54, 15, 70, 60, 59, 21, 27, 33, 37, 57, 9, 65, 71, 7, 51, 83, 53, 81, 66, 88, 45, 32, 73, 10, 91, 76, 4, 95, 98, 36, 42, 47, 77, 99, 68, 62, 5, 26, 56, 93, 82, 14, 40, 24, 0, 96, 84, 90, 80, 6, 61, 87, 43, 31, 41, 22, 11, 18, 63, 85, 58, 38, 94, 28, 97, 23]
weights list(greater): [48, 19, 89, 1, 64, 72, 25, 20, 30, 69, 35, 50, 34, 92, 29, 55, 44, 13, 75, 79, 86, 52, 8, 67, 16, 49, 74, 78, 2, 60, 3, 39, 12, 54, 21, 27, 37, 70, 17, 46, 57, 65, 91, 71, 51, 81, 83, 15, 59, 47, 45, 9, 33, 7, 10, 42, 32, 73, 4, 62, 53, 77, 98, 76, 88, 95, 36, 66, 24, 40, 26, 99, 56, 5, 68, 82, 93, 14, 43, 0, 84, 90, 6, 87, 31, 96, 80, 61, 11, 41, 18, 63, 85, 58, 22, 94, 38, 28, 97, 23]
weights list(greater): [19, 48, 1, 55, 64, 25, 79, 89, 69, 72, 86, 50, 29, 35, 44, 75, 92, 34, 74, 20, 8, 78, 13, 30, 60, 49, 2, 16, 52, 12, 67, 3, 70, 15, 17, 21, 54, 59, 81, 39, 46, 27, 33, 65, 37, 53, 7, 88, 57, 83, 51, 71, 9, 91, 10, 73, 95, 99, 56, 76, 77, 82, 40, 45, 36, 32, 26, 98, 68, 4, 43, 47, 14, 24, 66, 84, 93, 0, 5, 42, 90, 96, 31, 62, 6, 87, 22, 80, 61, 11, 41, 63, 18, 58, 38, 85, 94, 28, 97, 23]
weights list(greater): [48, 89, 1, 19, 25, 64, 69, 50, 72, 55, 35, 44, 29, 20, 74, 13, 75, 79, 16, 92, 30, 8, 86, 34, 67, 49, 60, 2, 39, 78, 46, 21, 52, 27, 12, 59, 70, 17, 37, 3, 15, 71, 57, 54, 65, 51, 45, 33, 81, 32, 91, 88, 83, 4, 42, 76, 73, 98, 10, 95, 77, 53, 7, 66, 9, 36, 47, 56, 5, 62, 68, 40, 43, 26, 0, 14, 24, 93, 99, 90, 87, 82, 84, 96, 80, 61, 6, 31, 11, 41, 18, 63, 22, 85, 58, 38, 94, 97, 28, 23]
weights list(greater): [89, 48, 35, 19, 1, 69, 86, 55, 25, 50, 75, 29, 64, 79, 13, 67, 44, 34, 92, 20, 72, 49, 8, 2, 46, 52, 30, 16, 74, 27, 54, 60, 59, 78, 57, 3, 21, 39, 15, 12, 70, 71, 17, 65, 37, 81, 33, 51, 42, 83, 73, 45, 98, 9, 76, 91, 66, 53, 32, 4, 95, 62, 10, 7, 99, 47, 88, 77, 36, 5, 56, 26, 40, 43, 14, 0, 24, 68, 93, 82, 90, 96, 84, 22, 80, 41, 61, 31, 6, 87, 11, 18, 58, 63, 38, 85, 94, 97, 28, 23]
weights list(greater): [48, 19, 89, 72, 64, 55, 69, 1, 25, 29, 34, 50, 44, 35, 86, 92, 79, 30, 13, 8, 20, 75, 67, 16, 78, 39, 52, 60, 49, 74, 3, 2, 12, 15, 46, 17, 21, 70, 54, 27, 59, 57, 37, 71, 65, 9, 76, 32, 83, 4, 33, 81, 91, 42, 53, 7, 51, 45, 88, 66, 98, 47, 10, 99, 73, 62, 68, 95, 26, 36, 56, 77, 40, 5, 43, 24, 93, 0, 96, 82, 14, 84, 90, 22, 87, 6, 61, 18, 58, 31, 80, 41, 11, 63, 38, 85, 94, 97, 28, 23]
weights list(greater): [19, 48, 89, 55, 64, 72, 69, 1, 50, 20, 29, 92, 35, 75, 79, 44, 67, 13, 16, 74, 60, 25, 8, 34, 30, 86, 49, 78, 52, 3, 2, 39, 70, 21, 54, 12, 37, 17, 15, 65, 57, 27, 71, 46, 32, 59, 7, 51, 81, 33, 10, 9, 42, 45, 88, 47, 76, 4, 91, 36, 83, 77, 73, 98, 26, 53, 99, 40, 66, 56, 95, 24, 5, 82, 14, 0, 43, 68, 93, 90, 84, 62, 96, 61, 80, 87, 31, 6, 41, 11, 22, 18, 63, 58, 85, 94, 38, 28, 97, 23]
weights list(greater): [19, 89, 48, 72, 13, 64, 1, 55, 67, 50, 29, 69, 25, 34, 30, 79, 20, 44, 74, 60, 52, 8, 92, 49, 35, 78, 21, 16, 75, 70, 3, 86, 2, 12, 17, 91, 39, 65, 37, 54, 73, 27, 15, 46, 71, 33, 57, 83, 59, 32, 7, 10, 42, 95, 51, 36, 9, 88, 47, 81, 98, 56, 82, 26, 24, 40, 77, 76, 4, 53, 62, 66, 14, 5, 0, 99, 45, 87, 96, 68, 90, 93, 6, 80, 43, 61, 84, 11, 41, 31, 18, 22, 63, 85, 94, 58, 28, 38, 97, 23]
weights list(greater): [19, 55, 48, 64, 89, 50, 35, 72, 29, 34, 20, 44, 1, 74, 79, 13, 69, 75, 25, 49, 86, 60, 92, 8, 16, 39, 67, 2, 78, 30, 12, 52, 70, 21, 27, 3, 17, 54, 59, 46, 91, 15, 65, 71, 33, 32, 7, 57, 81, 83, 37, 88, 73, 10, 51, 53, 42, 9, 62, 56, 99, 76, 36, 47, 43, 98, 4, 95, 45, 66, 26, 82, 5, 24, 68, 40, 14, 77, 96, 93, 0, 90, 31, 80, 84, 87, 22, 6, 61, 11, 41, 18, 63, 38, 58, 85, 28, 94, 97, 23]
weights list(greater): [19, 48, 64, 89, 50, 55, 13, 79, 30, 72, 1, 29, 35, 25, 49, 69, 75, 34, 92, 74, 44, 20, 67, 8, 78, 86, 2, 16, 3, 39, 21, 70, 27, 52, 65, 60, 37, 12, 57, 17, 54, 15, 33, 46, 91, 71, 32, 81, 51, 59, 7, 10, 95, 9, 42, 83, 45, 53, 47, 4, 68, 76, 98, 73, 36, 56, 88, 40, 66, 77, 82, 62, 26, 99, 14, 0, 24, 18, 90, 84, 5, 43, 93, 6, 31, 96, 87, 11, 80, 61, 41, 22, 63, 58, 85, 94, 38, 28, 97, 23]
weights list(greater): [19, 89, 64, 48, 25, 69, 72, 55, 79, 34, 1, 50, 29, 35, 44, 92, 13, 20, 60, 75, 86, 8, 2, 74, 16, 49, 30, 52, 67, 78, 27, 12, 70, 57, 39, 46, 17, 21, 37, 54, 59, 33, 65, 3, 15, 71, 88, 51, 7, 9, 73, 91, 95, 81, 76, 42, 98, 53, 10, 83, 4, 32, 45, 56, 36, 43, 66, 47, 77, 62, 26, 99, 68, 24, 5, 40, 14, 0, 93, 82, 90, 96, 6, 84, 87, 80, 31, 41, 18, 61, 11, 22, 63, 38, 85, 58, 94, 28, 97, 23]
weights list(greater): [48, 19, 89, 72, 55, 13, 64, 25, 50, 1, 20, 29, 69, 35, 44, 79, 92, 75, 30, 8, 34, 74, 60, 86, 49, 52, 16, 2, 78, 21, 67, 54, 12, 3, 17, 70, 27, 39, 33, 46, 37, 59, 15, 7, 42, 65, 32, 10, 95, 73, 71, 81, 76, 91, 57, 53, 51, 83, 47, 9, 77, 98, 4, 56, 62, 43, 36, 99, 88, 66, 45, 5, 82, 24, 68, 26, 14, 40, 0, 90, 96, 93, 6, 84, 31, 18, 87, 80, 61, 11, 41, 63, 22, 58, 94, 38, 85, 28, 97, 23]
weights list(greater): [19, 89, 48, 13, 64, 55, 50, 72, 30, 1, 69, 92, 44, 25, 29, 16, 35, 79, 74, 34, 75, 8, 52, 60, 49, 20, 86, 3, 78, 39, 21, 54, 12, 2, 37, 17, 59, 67, 70, 57, 42, 46, 27, 91, 65, 15, 71, 32, 33, 95, 83, 10, 51, 9, 7, 47, 73, 82, 76, 88, 36, 53, 81, 98, 43, 77, 56, 4, 45, 62, 99, 26, 66, 24, 0, 14, 5, 40, 93, 18, 90, 68, 84, 96, 61, 6, 80, 31, 87, 11, 41, 85, 63, 22, 58, 38, 94, 28, 97, 23]
weights list(greater): [48, 89, 13, 64, 25, 19, 50, 72, 1, 55, 35, 44, 29, 69, 34, 92, 8, 60, 49, 74, 75, 79, 12, 20, 52, 86, 30, 78, 16, 39, 17, 21, 3, 2, 46, 54, 15, 27, 57, 70, 71, 33, 67, 65, 59, 37, 53, 81, 95, 51, 10, 9, 88, 32, 76, 7, 91, 73, 98, 4, 45, 56, 77, 83, 47, 36, 66, 68, 42, 26, 24, 5, 82, 99, 43, 14, 40, 62, 96, 93, 0, 84, 90, 87, 6, 61, 22, 18, 11, 31, 80, 41, 63, 58, 38, 85, 94, 97, 28, 23]
weights list(greater): [64, 48, 1, 25, 89, 69, 19, 72, 13, 34, 29, 44, 55, 74, 30, 50, 8, 35, 92, 75, 79, 60, 20, 16, 86, 52, 49, 21, 2, 39, 17, 67, 78, 12, 46, 91, 70, 15, 57, 3, 65, 54, 33, 59, 27, 71, 37, 7, 10, 9, 51, 81, 88, 95, 83, 98, 53, 73, 76, 4, 47, 45, 36, 77, 42, 56, 32, 99, 82, 26, 66, 14, 0, 62, 43, 24, 68, 40, 5, 93, 96, 6, 90, 84, 31, 61, 87, 80, 11, 41, 22, 63, 18, 38, 58, 85, 94, 28, 97, 23]
weights list(greater): [48, 89, 19, 64, 25, 34, 50, 72, 13, 55, 29, 35, 1, 44, 69, 52, 49, 74, 75, 8, 60, 20, 16, 92, 30, 21, 79, 86, 39, 70, 2, 67, 3, 12, 17, 78, 54, 46, 27, 37, 57, 33, 15, 59, 71, 65, 91, 7, 53, 88, 51, 42, 10, 81, 9, 32, 73, 45, 66, 98, 56, 82, 76, 95, 99, 47, 83, 77, 4, 36, 5, 68, 24, 26, 43, 62, 14, 40, 0, 96, 93, 84, 18, 87, 90, 80, 6, 61, 31, 41, 11, 22, 63, 58, 85, 94, 38, 28, 97, 23]
weights list(greater): [19, 48, 89, 55, 35, 64, 1, 50, 72, 44, 13, 29, 25, 86, 75, 34, 69, 79, 16, 92, 74, 49, 30, 20, 8, 52, 60, 78, 21, 2, 15, 67, 3, 70, 46, 17, 37, 12, 39, 59, 54, 57, 65, 27, 32, 33, 81, 9, 51, 71, 7, 91, 42, 47, 83, 45, 53, 10, 98, 88, 4, 95, 76, 77, 66, 73, 43, 36, 82, 56, 26, 62, 68, 99, 5, 24, 0, 84, 40, 93, 22, 14, 90, 96, 6, 61, 87, 31, 41, 63, 18, 80, 11, 38, 58, 85, 94, 97, 28, 23]
weights list(greater): [19, 89, 55, 48, 72, 64, 1, 25, 44, 29, 50, 35, 13, 74, 60, 30, 20, 34, 69, 75, 8, 86, 92, 16, 79, 39, 67, 49, 52, 78, 21, 3, 54, 2, 12, 70, 37, 17, 27, 46, 32, 65, 59, 71, 57, 91, 42, 7, 9, 33, 83, 51, 81, 53, 15, 47, 10, 73, 82, 45, 88, 76, 4, 43, 36, 99, 62, 98, 95, 56, 26, 77, 66, 5, 14, 93, 0, 40, 68, 24, 90, 84, 31, 87, 6, 96, 11, 61, 41, 80, 18, 22, 63, 85, 58, 38, 94, 28, 23, 97]
